,uid,lat,lng,venueID,venue_descr,time,city_name,First_Category,Second_Category,step,epoch,city,simulation_state
0,1047,40.70908991941677,-73.81811900410534,16337,Donut Shop,2012-04-13 11:55:37+00:00,New York City,Dining and Drinking,Donut Shop,,,,
1,1047,40.79776219813824,-73.95309448242188,13492,Park,2012-04-13 13:24:06+00:00,New York City,Landmarks and Outdoors,Park,,,,
2,1047,40.777740928194255,-73.95470399506407,10098,Fast Food Restaurant,2012-04-13 13:34:48+00:00,New York City,Dining and Drinking,Restaurant,,,,
3,1047,40.777253,-73.957371,20416,Burger Joint,2012-04-13 17:30:07+00:00,New York City,Dining and Drinking,Restaurant,,,,
4,1047,40.78008648315284,-73.92702341079712,6153,Bridge,2012-04-13 23:28:43+00:00,New York City,Landmarks and Outdoors,Bridge,,,,
5,1047,40.7354070032994,-73.87420104342856,8012,Department Store,2012-04-20 16:27:16+00:00,New York City,Retail,Department Store,,,,
6,1047,40.7331450394645,-73.86301517486572,11617,Mall,2012-04-20 18:05:19+00:00,New York City,Retail,Shopping Mall,,,,
7,1047,40.72530740213181,-73.84971141815186,7443,Food & Drink Shop,2012-04-20 18:17:11+00:00,New York City,Retail,Food and Beverage Retail,,,,
8,1047,40.759805772008285,-73.9764171516834,6044,Clothing Store,2012-04-20 20:51:37+00:00,New York City,Retail,Fashion Retail,,,,
9,1047,40.70908991941677,-73.81811900410534,16337,Donut Shop,2012-04-27 11:59:39+00:00,New York City,Dining and Drinking,Donut Shop,,,,
10,1047,40.763836,-73.966956,7266,Pet Store,2012-04-27 12:52:27+00:00,New York City,Retail,Pet Supplies Store,,,,
11,1047,40.79437893161566,-73.94883189698274,28863,Deli / Bodega,2012-04-27 13:22:25+00:00,New York City,Dining and Drinking,Restaurant,,,,
12,1047,40.77801771460635,-73.95453753530832,27490,Toy / Game Store,2012-04-27 13:48:31+00:00,New York City,Retail,Toy Store,,,,
13,1047,40.777740928194255,-73.95470399506407,10098,Fast Food Restaurant,2012-04-27 17:37:26+00:00,New York City,Dining and Drinking,Restaurant,,,,
14,1047,40.77942930882248,-73.95554203165511,33252,Electronics Store,2012-04-27 17:53:38+00:00,New York City,Retail,Computers and Electronics Retail,,,,
15,1047,40.77925781857182,-73.95514369010925,5310,Clothing Store,2012-04-27 17:55:48+00:00,New York City,Retail,Fashion Retail,,,,
16,1047,40.77843896961532,-73.95451457533076,22216,Clothing Store,2012-04-27 18:03:52+00:00,New York City,Retail,Fashion Retail,,,,
17,1047,40.77731921040652,-73.95497377436354,11565,Drugstore / Pharmacy,2012-04-27 18:11:51+00:00,New York City,Retail,Pharmacy,,,,
18,1047,40.79357113982765,-73.94451141357422,18380,Neighborhood,2012-04-27 23:18:17+00:00,New York City,Landmarks and Outdoors,States and Municipalities,,,,
19,1047,40.79776219813824,-73.95309448242188,13492,Park,2012-04-27 23:18:29+00:00,New York City,Landmarks and Outdoors,Park,,,,
20,1047,40.79301881008675,-73.94794464111328,23387,Historic Site,2012-04-27 23:56:03+00:00,New York City,Landmarks and Outdoors,Historic and Protected Site,,,,
21,1047,40.71773065749828,-73.9578093042019,1995,Pizza Place,2012-08-10 15:56:09+00:00,New York City,Dining and Drinking,Restaurant,,,,
22,1047,40.72784213324929,-73.929163813591,10912,Bridge,2012-08-10 16:52:48+00:00,New York City,Landmarks and Outdoors,Bridge,,,,
23,1047,40.706105264577296,-73.8091064670309,15016,Spanish Restaurant,2012-08-17 23:08:58+00:00,New York City,Dining and Drinking,Restaurant,,,,
24,1047,40.70908991941677,-73.81811900410534,16337,Donut Shop,2012-05-04 11:56:38+00:00,New York City,Dining and Drinking,Donut Shop,,,,
25,1047,40.79437893161566,-73.94883189698274,28863,Deli / Bodega,2012-05-04 13:39:30+00:00,New York City,Dining and Drinking,Restaurant,,,,
26,1047,40.77731921040652,-73.95497377436354,11565,Drugstore / Pharmacy,2012-05-04 14:00:18+00:00,New York City,Retail,Pharmacy,,,,
27,1047,40.77801771460635,-73.95453753530832,27490,Toy / Game Store,2012-05-04 14:02:51+00:00,New York City,Retail,Toy Store,,,,
28,1047,40.7779,-73.954644,11709,Asian Restaurant,2012-05-04 17:52:20+00:00,New York City,Dining and Drinking,Restaurant,,,,
29,1047,40.778649393729125,-73.95339527311495,7387,Electronics Store,2012-05-04 18:16:29+00:00,New York City,Retail,Computers and Electronics Retail,,,,
30,1047,40.70888267090895,-73.81835450786878,16337,Donut Shop,2012-05-11 11:51:07+00:00,New York City,Dining and Drinking,Donut Shop,,,,
31,1047,40.79437893161566,-73.94883189698274,28863,Deli / Bodega,2012-05-11 13:00:25+00:00,New York City,Dining and Drinking,Restaurant,,,,
32,1047,40.77787134925543,-73.95476139494657,25085,Mexican Restaurant,2012-05-11 17:21:36+00:00,New York City,Dining and Drinking,Restaurant,,,,
33,1047,40.77807780906056,-73.95449161535045,6976,Bank,2012-05-11 17:38:47+00:00,New York City,Business and Professional Services,Financial Service,,,,
34,1047,40.778649393729125,-73.95339527311495,7387,Electronics Store,2012-05-11 17:50:18+00:00,New York City,Retail,Computers and Electronics Retail,,,,
35,1047,40.77843896961532,-73.95451457533076,22216,Clothing Store,2012-05-11 17:59:36+00:00,New York City,Retail,Fashion Retail,,,,
36,1047,40.70888267090895,-73.81835450786878,16337,Donut Shop,2012-05-18 11:46:04+00:00,New York City,Dining and Drinking,Donut Shop,,,,
37,1047,40.79776219813824,-73.95309448242188,13492,Park,2012-05-18 13:39:07+00:00,New York City,Landmarks and Outdoors,Park,,,,
38,1047,40.77801771460635,-73.95453753530832,27490,Toy / Game Store,2012-05-18 21:56:54+00:00,New York City,Retail,Toy Store,,,,
39,1047,40.79437893161566,-73.94883189698274,28863,Deli / Bodega,2012-05-18 22:51:36+00:00,New York City,Dining and Drinking,Restaurant,,,,
40,1047,40.79357113982765,-73.94451141357422,18380,Neighborhood,2012-05-18 23:07:23+00:00,New York City,Landmarks and Outdoors,States and Municipalities,,,,
41,1047,40.79776219813824,-73.95309448242188,13492,Park,2012-05-18 23:07:46+00:00,New York City,Landmarks and Outdoors,Park,,,,
42,1047,40.78008648315284,-73.92702341079712,6153,Bridge,2012-05-18 23:27:46+00:00,New York City,Landmarks and Outdoors,Bridge,,,,
43,1047,40.8038371384793,-73.92893314361572,11114,Bridge,2012-05-18 23:28:21+00:00,New York City,Landmarks and Outdoors,Bridge,,,,
44,1047,40.70888267090895,-73.81835450786878,16337,Donut Shop,2012-05-25 11:54:44+00:00,New York City,Dining and Drinking,Donut Shop,,,,
45,1047,40.79357113982765,-73.94451141357422,18380,Neighborhood,2012-05-25 13:30:39+00:00,New York City,Landmarks and Outdoors,States and Municipalities,,,,
46,1047,40.79437893161566,-73.94883189698274,28863,Deli / Bodega,2012-05-25 13:31:10+00:00,New York City,Dining and Drinking,Restaurant,,,,
47,1047,40.77785652861745,-73.95474991497144,8612,Clothing Store,2012-05-25 13:37:49+00:00,New York City,Retail,Fashion Retail,,,,
48,1047,40.77787134925543,-73.95476139494657,25085,Mexican Restaurant,2012-05-25 17:52:40+00:00,New York City,Dining and Drinking,Restaurant,,,,
49,1047,40.77793967165551,-73.95470973505309,10098,Fast Food Restaurant,2012-05-25 21:37:49+00:00,New York City,Dining and Drinking,Restaurant,,,,
50,1047,40.79357113982765,-73.94451141357422,18380,Neighborhood,2012-05-25 23:18:01+00:00,New York City,Landmarks and Outdoors,States and Municipalities,,,,
51,1047,40.77352187640244,-73.95678520202637,17922,Neighborhood,2012-05-25 23:35:13+00:00,New York City,Landmarks and Outdoors,States and Municipalities,,,,
52,1047,40.79776219813824,-73.95309448242188,13492,Park,2012-05-25 23:35:34+00:00,New York City,Landmarks and Outdoors,Park,,,,
53,1047,40.70805935103175,-73.81739525908111,12685,Diner,2012-10-19 13:05:18+00:00,New York City,Dining and Drinking,Restaurant,,,,
54,1047,40.70805935103175,-73.81739525908111,12685,Diner,2012-10-19 13:05:20+00:00,New York City,Dining and Drinking,Restaurant,,,,
55,1047,40.70903531026294,-73.81803858812204,31172,Salon / Barbershop,2012-10-19 19:19:28+00:00,New York City,Business and Professional Services,Health and Beauty Service,,,,
56,1047,40.82827721161922,-73.92655344439045,751,Stadium,2012-09-14 23:25:08+00:00,New York City,Arts and Entertainment,Stadium,,,,
57,1047,40.79301881008675,-73.94794464111328,23387,Historic Site,2012-04-09 15:59:29+00:00,New York City,Landmarks and Outdoors,Historic and Protected Site,,,,
58,1047,40.79437893161566,-73.94883189698274,28863,Deli / Bodega,2012-04-09 16:10:32+00:00,New York City,Dining and Drinking,Restaurant,,,,
59,1047,40.79357113982765,-73.94451141357422,18380,Neighborhood,2012-04-09 17:19:00+00:00,New York City,Landmarks and Outdoors,States and Municipalities,,,,
60,1047,40.79776219813824,-73.95309448242188,13492,Park,2012-04-09 17:19:18+00:00,New York City,Landmarks and Outdoors,Park,,,,
61,1047,40.70908991941677,-73.81811900410534,16337,Donut Shop,2012-04-16 14:47:19+00:00,New York City,Dining and Drinking,Donut Shop,,,,
62,1047,40.70533724173047,-73.80038074660628,32148,School,2012-04-16 16:48:15+00:00,New York City,Community and Government,Education,,,,
63,1047,40.733176,-73.810405,16070,Bowling Alley,2012-04-16 18:27:05+00:00,New York City,Arts and Entertainment,Bowling Alley,,,,
64,1047,40.73117375006981,-73.86372682664583,20523,American Restaurant,2012-04-16 20:11:08+00:00,New York City,Dining and Drinking,Restaurant,,,,
65,1047,40.7331450394645,-73.86301517486572,11617,Mall,2012-04-16 20:59:13+00:00,New York City,Retail,Shopping Mall,,,,
66,1047,40.7354070032994,-73.87420104342856,8012,Department Store,2012-04-23 16:33:39+00:00,New York City,Retail,Department Store,,,,
67,1047,40.72028631998182,-73.84570550162995,16712,Clothing Store,2012-07-09 17:27:47+00:00,New York City,Retail,Fashion Retail,,,,
68,1047,40.7197747529193,-73.84371260249156,11573,Cosmetics Shop,2012-07-09 17:31:44+00:00,New York City,Retail,Cosmetics Store,,,,
69,1047,40.733176,-73.810405,16070,Bowling Alley,2012-07-16 17:54:02+00:00,New York City,Arts and Entertainment,Bowling Alley,,,,
70,1047,40.720656417464426,-73.84565591812134,7824,Steakhouse,2012-06-04 23:41:52+00:00,New York City,Dining and Drinking,Restaurant,,,,
71,1047,40.72078651935595,-73.84366035461426,1921,Movie Theater,2012-06-04 23:53:33+00:00,New York City,Arts and Entertainment,Movie Theater,,,,
72,1047,40.73405557647634,-73.87084722518921,1789,Mall,2012-06-18 17:06:57+00:00,New York City,Retail,Shopping Mall,,,,
73,1047,40.73423443049656,-73.87046098709106,11786,Clothing Store,2012-06-18 17:25:17+00:00,New York City,Retail,Fashion Retail,,,,
74,1047,40.734182733373,-73.87071553213148,20257,Clothing Store,2012-06-18 18:07:07+00:00,New York City,Retail,Fashion Retail,,,,
75,1047,40.73432551351988,-73.87006663240325,18350,Clothing Store,2012-06-18 18:08:46+00:00,New York City,Retail,Fashion Retail,,,,
76,1047,40.75673368214285,-73.95445704460144,3917,Bridge,2012-05-07 01:46:45+00:00,New York City,Landmarks and Outdoors,Bridge,,,,
77,1047,40.75919236359588,-73.95305661116662,4204,Neighborhood,2012-05-07 01:47:04+00:00,New York City,Landmarks and Outdoors,States and Municipalities,,,,
78,1047,40.76331619981086,-73.94558429718018,3918,Bridge,2012-05-07 01:47:30+00:00,New York City,Landmarks and Outdoors,Bridge,,,,
79,1047,40.701922,-73.807971,14604,Salon / Barbershop,2012-05-07 18:05:15+00:00,New York City,Business and Professional Services,Health and Beauty Service,,,,
80,1047,40.703547782547645,-73.7993984328297,11920,Clothing Store,2012-05-07 19:57:32+00:00,New York City,Retail,Fashion Retail,,,,
81,1047,40.7045001510042,-73.79747974748726,22264,Clothing Store,2012-05-07 20:27:35+00:00,New York City,Retail,Fashion Retail,,,,
82,1047,40.72113700553509,-73.84729061739831,5796,American Restaurant,2012-05-07 21:14:24+00:00,New York City,Dining and Drinking,Restaurant,,,,
83,1047,40.72117335693085,-73.84735953518607,8673,Clothing Store,2012-05-07 21:55:11+00:00,New York City,Retail,Fashion Retail,,,,
84,1047,40.70805935103175,-73.81739525908111,12685,Diner,2012-05-14 16:44:19+00:00,New York City,Dining and Drinking,Restaurant,,,,
85,1047,40.71202316011473,-73.81571799855105,26668,Neighborhood,2012-05-14 22:14:32+00:00,New York City,Landmarks and Outdoors,States and Municipalities,,,,
86,1047,40.70022726664775,-73.81638765335083,10880,Medical Center,2012-05-21 17:04:39+00:00,New York City,Health and Medicine,Hospital,,,,
87,1047,40.71717609748506,-73.8041353225708,7779,Medical Center,2012-05-21 18:10:41+00:00,New York City,Health and Medicine,Hospital,,,,
88,1047,40.70888267090895,-73.81835450786878,16337,Donut Shop,2012-05-28 13:57:37+00:00,New York City,Dining and Drinking,Donut Shop,,,,
89,1047,40.57334843776636,-73.98030281066895,2854,Beach,2012-05-28 19:47:09+00:00,New York City,Landmarks and Outdoors,Beach,,,,
90,1047,40.57412660460268,-73.97920071268095,4933,Park,2012-05-28 21:38:26+00:00,New York City,Arts and Entertainment,Amusement Park,,,,
91,1047,40.652230943519655,-73.86997475262231,8027,Department Store,2012-04-07 17:58:29+00:00,New York City,Retail,Department Store,,,,
92,1047,40.60679958140643,-74.04416981025437,3921,Bridge,2012-04-07 18:46:15+00:00,New York City,Landmarks and Outdoors,Bridge,,,,
93,1047,40.6251508608653,-74.15643252115733,12599,Department Store,2012-04-07 19:00:31+00:00,New York City,Retail,Department Store,,,,
94,1047,40.62672243364512,-74.16412150063366,15904,Fast Food Restaurant,2012-04-07 19:27:13+00:00,New York City,Dining and Drinking,Restaurant,,,,
95,1047,40.70815835306285,-73.81765373975024,18189,Food & Drink Shop,2012-04-14 17:40:48+00:00,New York City,Retail,Food and Beverage Retail,,,,
96,1047,40.75795271607545,-73.98566722869873,22708,Clothing Store,2012-04-21 00:12:19+00:00,New York City,Retail,Fashion Retail,,,,
97,1047,40.75839932694621,-73.98532455096999,21741,Toy / Game Store,2012-04-21 00:25:45+00:00,New York City,Retail,Toy Store,,,,
98,1047,40.758409593390965,-73.9855424897826,17530,Clothing Store,2012-04-21 01:06:56+00:00,New York City,Retail,Fashion Retail,,,,
99,1047,40.75673368214285,-73.95445704460144,3917,Bridge,2012-04-21 01:45:26+00:00,New York City,Landmarks and Outdoors,Bridge,,,,
100,1047,40.75673368214285,-73.95445704460144,3917,Bridge,2012-04-21 01:45:42+00:00,New York City,Landmarks and Outdoors,Bridge,,,,
101,1047,40.75061379403183,-73.98856401443481,1028,Department Store,2012-04-28 00:45:06+00:00,New York City,Retail,Department Store,,,,
102,1047,40.73154490199465,-73.86232561008293,30125,Clothing Store,2012-04-28 18:37:50+00:00,New York City,Retail,Fashion Retail,,,,
103,1047,40.73119732099885,-73.86213035780162,14511,Clothing Store,2012-04-28 18:47:51+00:00,New York City,Retail,Fashion Retail,,,,
104,1047,40.73283610443288,-73.86374473571777,23811,BBQ Joint,2012-04-28 18:57:36+00:00,New York City,Dining and Drinking,Restaurant,,,,
105,1047,40.701593743002,-73.99592399597168,1371,Park,2012-08-18 23:44:04+00:00,New York City,Landmarks and Outdoors,Park,,,,
106,1047,40.71061633956195,-73.82021555215562,17229,Playground,2012-06-02 22:43:09+00:00,New York City,Landmarks and Outdoors,Park,,,,
107,1047,40.79357113982765,-73.94451141357422,18380,Neighborhood,2012-05-05 00:46:31+00:00,New York City,Landmarks and Outdoors,States and Municipalities,,,,
108,1047,40.79776219813824,-73.95309448242188,13492,Park,2012-05-05 00:46:52+00:00,New York City,Landmarks and Outdoors,Park,,,,
109,1047,40.75406798339401,-73.98010969161987,23643,Clothing Store,2012-05-05 01:19:02+00:00,New York City,Retail,Fashion Retail,,,,
110,1047,40.75679869785023,-73.9878988265991,30172,Fast Food Restaurant,2012-05-05 01:55:13+00:00,New York City,Dining and Drinking,Restaurant,,,,
111,1047,40.77912675849531,-73.95477861490801,28823,Pool Hall,2012-05-12 00:10:06+00:00,New York City,Arts and Entertainment,Pool Hall,,,,
112,1047,40.77937325315485,-73.95507135401736,6551,College Academic Building,2012-05-12 00:15:14+00:00,New York City,Community and Government,Education,,,,
113,1047,40.78008648315284,-73.92702341079712,6153,Bridge,2012-05-12 01:13:13+00:00,New York City,Landmarks and Outdoors,Bridge,,,,
114,1047,40.78008648315284,-73.92702341079712,6153,Bridge,2012-05-12 01:14:02+00:00,New York City,Landmarks and Outdoors,Bridge,,,,
115,1047,40.70794015069567,-73.81803858812204,7590,Diner,2012-05-12 13:05:19+00:00,New York City,Dining and Drinking,Restaurant,,,,
116,1047,40.70815835306285,-73.81765373975024,18189,Food & Drink Shop,2012-05-12 19:54:07+00:00,New York City,Retail,Food and Beverage Retail,,,,
117,1047,40.70903531026294,-73.81803858812204,31172,Salon / Barbershop,2012-05-12 23:06:19+00:00,New York City,Business and Professional Services,Health and Beauty Service,,,,
118,1047,40.71202316011473,-73.81571799855105,26668,Neighborhood,2012-05-19 00:18:37+00:00,New York City,Landmarks and Outdoors,States and Municipalities,,,,
119,1047,40.72078651935595,-73.84366035461426,1921,Movie Theater,2012-05-19 18:59:41+00:00,New York City,Arts and Entertainment,Movie Theater,,,,
120,1047,40.720567,-73.844171,7030,Drugstore / Pharmacy,2012-05-19 22:04:44+00:00,New York City,Retail,Pharmacy,,,,
121,1047,40.72028631998182,-73.84570550162995,16712,Clothing Store,2012-05-19 22:18:13+00:00,New York City,Retail,Fashion Retail,,,,
122,1047,40.73171417041241,-73.98922920227051,9704,Music Venue,2012-10-27 03:28:53+00:00,New York City,Arts and Entertainment,Performing Arts Venue,,,,
123,1047,40.62312240271807,-74.14880990982056,12598,Food & Drink Shop,2012-04-08 02:44:23+00:00,New York City,Retail,Food and Beverage Retail,,,,
124,1047,40.70908991941677,-73.81811900410534,16337,Donut Shop,2012-04-15 16:37:38+00:00,New York City,Dining and Drinking,Donut Shop,,,,
125,1047,40.701922,-73.807971,14604,Salon / Barbershop,2012-04-15 17:36:59+00:00,New York City,Business and Professional Services,Health and Beauty Service,,,,
126,1047,40.763836,-73.966956,7266,Pet Store,2012-04-15 18:56:35+00:00,New York City,Retail,Pet Supplies Store,,,,
127,1047,40.76215645567817,-73.96609179749629,822,Candy Store,2012-04-15 19:04:40+00:00,New York City,Retail,Food and Beverage Retail,,,,
128,1047,40.701922,-73.807971,14604,Salon / Barbershop,2012-04-22 19:35:02+00:00,New York City,Business and Professional Services,Health and Beauty Service,,,,
129,1047,40.70805935103175,-73.81739525908111,12685,Diner,2012-04-29 15:29:56+00:00,New York City,Dining and Drinking,Restaurant,,,,
130,1047,40.70815835306285,-73.81765373975024,18189,Food & Drink Shop,2012-04-29 18:24:20+00:00,New York City,Retail,Food and Beverage Retail,,,,
131,1047,40.70908991941677,-73.81811900410534,16337,Donut Shop,2012-04-29 18:50:06+00:00,New York City,Dining and Drinking,Donut Shop,,,,
132,1047,40.70533192318822,-73.7936595554262,30044,Clothing Store,2012-04-29 19:29:20+00:00,New York City,Retail,Fashion Retail,,,,
133,1047,40.7056404313885,-73.79384338589588,16858,Department Store,2012-04-29 19:34:12+00:00,New York City,Retail,Department Store,,,,
134,1047,40.70611592912309,-73.79317045211792,13324,Department Store,2012-04-29 20:16:23+00:00,New York City,Retail,Department Store,,,,
135,1047,40.7058575775637,-73.79422828039213,23411,Clothing Store,2012-04-29 21:01:41+00:00,New York City,Retail,Fashion Retail,,,,
136,1047,40.70478207881243,-73.79688262939453,13202,Pizza Place,2012-04-29 21:15:23+00:00,New York City,Dining and Drinking,Restaurant,,,,
137,1047,40.73596877446251,-73.87561379445675,2900,Diner,2012-08-19 14:28:36+00:00,New York City,Dining and Drinking,Restaurant,,,,
138,1047,40.73512605798593,-73.87440216065019,5058,Mall,2012-08-19 15:27:58+00:00,New York City,Retail,Shopping Mall,,,,
139,1047,40.79357113982765,-73.94451141357422,18380,Neighborhood,2012-06-03 13:44:38+00:00,New York City,Landmarks and Outdoors,States and Municipalities,,,,
140,1047,40.890612266047626,-73.89284133911133,2739,Park,2012-06-17 00:14:50+00:00,New York City,Landmarks and Outdoors,Park,,,,
141,1047,40.77801771460635,-73.95453753530832,27490,Toy / Game Store,2012-06-17 16:16:37+00:00,New York City,Retail,Toy Store,,,,
142,1047,40.7782,-73.954455,4714,Diner,2012-06-17 16:21:35+00:00,New York City,Dining and Drinking,Restaurant,,,,
143,1047,40.72911361142167,-73.86248640593367,27023,Neighborhood,2012-05-06 17:11:17+00:00,New York City,Landmarks and Outdoors,States and Municipalities,,,,
144,1047,40.76279561547783,-73.98758098483086,2279,Theater,2012-05-06 21:19:24+00:00,New York City,Arts and Entertainment,Performing Arts Venue,,,,
145,1047,40.757123775433385,-73.98948267102242,595,Mexican Restaurant,2012-05-06 23:43:14+00:00,New York City,Dining and Drinking,Restaurant,,,,
146,1047,40.78671583316562,-73.8244660198393,32758,Other Great Outdoors,2012-05-13 18:24:38+00:00,New York City,Landmarks and Outdoors,Other Great Outdoors,,,,
147,1047,40.84852098203587,-73.87776172536414,1662,Zoo,2012-05-13 18:56:08+00:00,New York City,Arts and Entertainment,Zoo,,,,
148,1047,40.7354070032994,-73.87420104342856,8012,Department Store,2012-05-27 16:22:48+00:00,New York City,Retail,Department Store,,,,
149,1047,40.70908991941677,-73.81811900410534,16337,Donut Shop,2012-04-05 11:52:32+00:00,New York City,Dining and Drinking,Donut Shop,,,,
150,1047,40.79437893161566,-73.94883189698274,28863,Deli / Bodega,2012-04-12 00:15:25+00:00,New York City,Dining and Drinking,Restaurant,,,,
151,1047,40.77731921040652,-73.95497377436354,11565,Drugstore / Pharmacy,2012-04-12 17:47:32+00:00,New York City,Retail,Pharmacy,,,,
152,1047,40.77801771460635,-73.95453753530832,27490,Toy / Game Store,2012-04-12 17:49:53+00:00,New York City,Retail,Toy Store,,,,
153,1047,40.70908991941677,-73.81811900410534,16337,Donut Shop,2012-04-19 11:53:52+00:00,New York City,Dining and Drinking,Donut Shop,,,,
154,1047,40.79437893161566,-73.94883189698274,28863,Deli / Bodega,2012-04-19 13:12:20+00:00,New York City,Dining and Drinking,Restaurant,,,,
155,1047,40.79776219813824,-73.95309448242188,13492,Park,2012-04-19 13:12:55+00:00,New York City,Landmarks and Outdoors,Park,,,,
156,1047,40.77801771460635,-73.95453753530832,27490,Toy / Game Store,2012-04-19 13:42:28+00:00,New York City,Retail,Toy Store,,,,
157,1047,40.77864301637975,-73.95365357420192,7387,Electronics Store,2012-04-19 20:03:24+00:00,New York City,Retail,Computers and Electronics Retail,,,,
158,1047,40.70908991941677,-73.81811900410534,16337,Donut Shop,2012-04-26 12:22:13+00:00,New York City,Dining and Drinking,Donut Shop,,,,
159,1047,40.79357113982765,-73.94451141357422,18380,Neighborhood,2012-04-26 13:17:07+00:00,New York City,Landmarks and Outdoors,States and Municipalities,,,,
160,1047,40.79776219813824,-73.95309448242188,13492,Park,2012-04-26 13:17:20+00:00,New York City,Landmarks and Outdoors,Park,,,,
161,1047,40.77352187640244,-73.95678520202637,17922,Neighborhood,2012-04-26 13:44:59+00:00,New York City,Landmarks and Outdoors,States and Municipalities,,,,
162,1047,40.777740928194255,-73.95470399506407,10098,Fast Food Restaurant,2012-04-26 13:51:59+00:00,New York City,Dining and Drinking,Restaurant,,,,
163,1047,40.77801771460635,-73.95453753530832,27490,Toy / Game Store,2012-04-26 13:52:17+00:00,New York City,Retail,Toy Store,,,,
164,1047,40.763836,-73.966956,7266,Pet Store,2012-06-07 13:02:26+00:00,New York City,Retail,Pet Supplies Store,,,,
165,1047,40.77801771460635,-73.95453753530832,27490,Toy / Game Store,2012-06-07 13:52:13+00:00,New York City,Retail,Toy Store,,,,
166,1047,40.77795577013266,-73.95460641522465,28787,General Entertainment,2012-06-07 17:13:57+00:00,New York City,Arts and Entertainment,General Entertainment,,,,
167,1047,40.70908991941677,-73.81811900410534,16337,Donut Shop,2012-05-03 12:32:28+00:00,New York City,Dining and Drinking,Donut Shop,,,,
168,1047,40.78008648315284,-73.92702341079712,6153,Bridge,2012-05-03 13:02:12+00:00,New York City,Landmarks and Outdoors,Bridge,,,,
169,1047,40.79835415492092,-73.92317166623363,20429,Office,2012-05-03 13:03:04+00:00,New York City,Business and Professional Services,Office,,,,
170,1047,40.8038371384793,-73.92893314361572,11114,Bridge,2012-05-03 13:03:34+00:00,New York City,Landmarks and Outdoors,Bridge,,,,
171,1047,40.79357113982765,-73.94451141357422,18380,Neighborhood,2012-05-03 13:03:58+00:00,New York City,Landmarks and Outdoors,States and Municipalities,,,,
172,1047,40.79437893161566,-73.94883189698274,28863,Deli / Bodega,2012-05-03 13:30:37+00:00,New York City,Dining and Drinking,Restaurant,,,,
173,1047,40.79357113982765,-73.94451141357422,18380,Neighborhood,2012-05-03 13:49:37+00:00,New York City,Landmarks and Outdoors,States and Municipalities,,,,
174,1047,40.777740928194255,-73.95470399506407,10098,Fast Food Restaurant,2012-05-03 14:02:57+00:00,New York City,Dining and Drinking,Restaurant,,,,
175,1047,40.77801771460635,-73.95453753530832,27490,Toy / Game Store,2012-05-03 14:04:25+00:00,New York City,Retail,Toy Store,,,,
176,1047,40.77912606570555,-73.95490489457822,18341,Burger Joint,2012-05-03 17:19:37+00:00,New York City,Dining and Drinking,Restaurant,,,,
177,1047,40.77937325315485,-73.95507135401736,6551,College Academic Building,2012-05-03 17:42:17+00:00,New York City,Community and Government,Education,,,,
178,1047,40.79776219813824,-73.95309448242188,13492,Park,2012-05-03 22:19:17+00:00,New York City,Landmarks and Outdoors,Park,,,,
179,1047,40.78008648315284,-73.92702341079712,6153,Bridge,2012-05-03 22:54:56+00:00,New York City,Landmarks and Outdoors,Bridge,,,,
180,1047,40.777059,-73.949276,5198,Drugstore / Pharmacy,2012-05-10 16:52:56+00:00,New York City,Retail,Pharmacy,,,,
181,1047,40.77801771460635,-73.95453753530832,27490,Toy / Game Store,2012-05-10 17:22:50+00:00,New York City,Retail,Toy Store,,,,
182,1047,40.79776219813824,-73.95309448242188,13492,Park,2012-05-10 22:48:52+00:00,New York City,Landmarks and Outdoors,Park,,,,
183,1047,40.79357113982765,-73.94451141357422,18380,Neighborhood,2012-05-10 23:10:04+00:00,New York City,Landmarks and Outdoors,States and Municipalities,,,,
184,1047,40.78008648315284,-73.92702341079712,6153,Bridge,2012-05-10 23:11:13+00:00,New York City,Landmarks and Outdoors,Bridge,,,,
185,1047,40.79776219813824,-73.95309448242188,13492,Park,2012-05-17 00:13:09+00:00,New York City,Landmarks and Outdoors,Park,,,,
186,1047,40.79357113982765,-73.94451141357422,18380,Neighborhood,2012-05-17 00:18:46+00:00,New York City,Landmarks and Outdoors,States and Municipalities,,,,
187,1047,40.752938280032495,-73.97857546806335,8402,American Restaurant,2012-05-17 01:09:13+00:00,New York City,Dining and Drinking,Restaurant,,,,
188,1047,40.75673368214285,-73.95445704460144,3917,Bridge,2012-05-17 02:15:26+00:00,New York City,Landmarks and Outdoors,Bridge,,,,
189,1047,40.71202316011473,-73.81571799855105,26668,Neighborhood,2012-05-17 02:34:22+00:00,New York City,Landmarks and Outdoors,States and Municipalities,,,,
190,1047,40.70888267090895,-73.81835450786878,16337,Donut Shop,2012-05-17 11:51:20+00:00,New York City,Dining and Drinking,Donut Shop,,,,
191,1047,40.77801771460635,-73.95453753530832,27490,Toy / Game Store,2012-05-17 13:43:24+00:00,New York City,Retail,Toy Store,,,,
192,1047,40.77787134925543,-73.95476139494657,25085,Mexican Restaurant,2012-05-17 17:39:33+00:00,New York City,Dining and Drinking,Restaurant,,,,
193,1047,40.77731921040652,-73.95497377436354,11565,Drugstore / Pharmacy,2012-05-17 18:08:17+00:00,New York City,Retail,Pharmacy,,,,
194,1047,40.77843896961532,-73.95451457533076,22216,Clothing Store,2012-05-17 18:18:52+00:00,New York City,Retail,Fashion Retail,,,,
195,1047,40.77807780906056,-73.95449161535045,6976,Bank,2012-05-31 13:16:21+00:00,New York City,Business and Professional Services,Financial Service,,,,
196,1047,40.77801771460635,-73.95453753530832,27490,Toy / Game Store,2012-05-31 15:53:58+00:00,New York City,Retail,Toy Store,,,,
197,1047,40.77783841272355,-73.95479583486791,32755,Bar,2012-05-31 17:09:17+00:00,New York City,Dining and Drinking,Juice Bar,,,,
198,1047,40.77807780906056,-73.95449161535045,6976,Bank,2012-04-03 18:19:28+00:00,New York City,Business and Professional Services,Financial Service,,,,
199,1047,40.77843896961532,-73.95451457533076,22216,Clothing Store,2012-04-03 18:24:58+00:00,New York City,Retail,Fashion Retail,,,,
200,1047,40.77801771460635,-73.95453753530832,27490,Toy / Game Store,2012-04-10 18:37:37+00:00,New York City,Retail,Toy Store,,,,
201,1047,40.77787134925543,-73.95476139494657,25085,Mexican Restaurant,2012-04-10 18:37:57+00:00,New York City,Dining and Drinking,Restaurant,,,,
202,1047,40.77785652861745,-73.95474991497144,8612,Clothing Store,2012-04-10 23:21:20+00:00,New York City,Retail,Fashion Retail,,,,
203,1047,40.77807780906056,-73.95449161535045,6976,Bank,2012-04-10 23:23:17+00:00,New York City,Business and Professional Services,Financial Service,,,,
204,1047,40.70908991941677,-73.81811900410534,16337,Donut Shop,2012-04-17 11:34:30+00:00,New York City,Dining and Drinking,Donut Shop,,,,
205,1047,40.79776219813824,-73.95309448242188,13492,Park,2012-04-17 12:41:32+00:00,New York City,Landmarks and Outdoors,Park,,,,
206,1047,40.77801771460635,-73.95453753530832,27490,Toy / Game Store,2012-04-17 16:41:51+00:00,New York City,Retail,Toy Store,,,,
207,1047,40.77807780906056,-73.95449161535045,6976,Bank,2012-04-17 16:42:31+00:00,New York City,Business and Professional Services,Financial Service,,,,
208,1047,40.77787134925543,-73.95476139494657,25085,Mexican Restaurant,2012-04-17 16:42:56+00:00,New York City,Dining and Drinking,Restaurant,,,,
209,1047,40.77937325315485,-73.95507135401736,6551,College Academic Building,2012-04-17 23:08:26+00:00,New York City,Community and Government,Education,,,,
210,1047,40.70908991941677,-73.81811900410534,16337,Donut Shop,2012-04-24 11:52:41+00:00,New York City,Dining and Drinking,Donut Shop,,,,
211,1047,40.77801771460635,-73.95453753530832,27490,Toy / Game Store,2012-04-24 13:49:43+00:00,New York City,Retail,Toy Store,,,,
212,1047,40.77794609584742,-73.95453179531418,33213,Food,2012-04-24 16:35:18+00:00,New York City,Dining and Drinking,Restaurant,,,,
213,1047,40.77807780906056,-73.95449161535045,6976,Bank,2012-04-24 17:23:52+00:00,New York City,Business and Professional Services,Financial Service,,,,
214,1047,40.77843896961532,-73.95451457533076,22216,Clothing Store,2012-04-24 23:10:57+00:00,New York City,Retail,Fashion Retail,,,,
215,1047,40.70888267090895,-73.81835450786878,16337,Donut Shop,2012-06-05 12:36:08+00:00,New York City,Dining and Drinking,Donut Shop,,,,
216,1047,40.75673368214285,-73.95445704460144,3917,Bridge,2012-06-12 15:17:45+00:00,New York City,Landmarks and Outdoors,Bridge,,,,
217,1047,40.77787134925543,-73.95476139494657,25085,Mexican Restaurant,2012-05-01 18:56:16+00:00,New York City,Dining and Drinking,Restaurant,,,,
218,1047,40.7914587487086,-73.94475059766101,11185,Drugstore / Pharmacy,2012-05-01 23:34:00+00:00,New York City,Retail,Pharmacy,,,,
219,1047,40.79301881008675,-73.94794464111328,23387,Historic Site,2012-05-01 23:45:06+00:00,New York City,Landmarks and Outdoors,Historic and Protected Site,,,,
220,1047,40.79357113982765,-73.94451141357422,18380,Neighborhood,2012-05-01 23:45:16+00:00,New York City,Landmarks and Outdoors,States and Municipalities,,,,
221,1047,40.70888267090895,-73.81835450786878,16337,Donut Shop,2012-05-08 11:49:40+00:00,New York City,Dining and Drinking,Donut Shop,,,,
222,1047,40.79357113982765,-73.94451141357422,18380,Neighborhood,2012-05-08 13:02:26+00:00,New York City,Landmarks and Outdoors,States and Municipalities,,,,
223,1047,40.79776219813824,-73.95309448242188,13492,Park,2012-05-08 13:47:01+00:00,New York City,Landmarks and Outdoors,Park,,,,
224,1047,40.77801771460635,-73.95453753530832,27490,Toy / Game Store,2012-05-08 13:57:39+00:00,New York City,Retail,Toy Store,,,,
225,1047,40.77793967165551,-73.95470973505309,10098,Fast Food Restaurant,2012-05-08 17:21:59+00:00,New York City,Dining and Drinking,Restaurant,,,,
226,1047,40.77731921040652,-73.95497377436354,11565,Drugstore / Pharmacy,2012-05-08 17:42:10+00:00,New York City,Retail,Pharmacy,,,,
227,1047,40.77959903465128,-73.95596981048584,12202,Video Game Store,2012-05-08 17:49:02+00:00,New York City,Retail,Computers and Electronics Retail,,,,
228,1047,40.77807780906056,-73.95449161535045,6976,Bank,2012-05-08 17:59:37+00:00,New York City,Business and Professional Services,Financial Service,,,,
229,1047,40.77937325315485,-73.95507135401736,6551,College Academic Building,2012-05-08 23:45:49+00:00,New York City,Community and Government,Education,,,,
230,1047,40.70888267090895,-73.81835450786878,16337,Donut Shop,2012-05-15 11:46:10+00:00,New York City,Dining and Drinking,Donut Shop,,,,
231,1047,40.757666508634586,-73.96961017102844,14645,Donut Shop,2012-05-15 12:33:28+00:00,New York City,Dining and Drinking,Donut Shop,,,,
232,1047,40.77801771460635,-73.95453753530832,27490,Toy / Game Store,2012-05-15 13:59:41+00:00,New York City,Retail,Toy Store,,,,
233,1047,40.77785652861745,-73.95474991497144,8612,Clothing Store,2012-05-15 17:36:13+00:00,New York City,Retail,Fashion Retail,,,,
234,1047,40.77787134925543,-73.95476139494657,25085,Mexican Restaurant,2012-05-15 21:15:35+00:00,New York City,Dining and Drinking,Restaurant,,,,
235,1047,40.75673368214285,-73.95445704460144,3917,Bridge,2012-05-15 23:29:31+00:00,New York City,Landmarks and Outdoors,Bridge,,,,
236,1047,40.76032570468407,-73.96356582641602,23691,General Travel,2012-05-15 23:30:13+00:00,New York City,Travel and Transportation,General Travel,,,,
237,1047,40.70888267090895,-73.81835450786878,16337,Donut Shop,2012-05-22 11:41:52+00:00,New York City,Dining and Drinking,Donut Shop,,,,
238,1047,40.763836,-73.966956,7266,Pet Store,2012-05-22 12:29:30+00:00,New York City,Retail,Pet Supplies Store,,,,
239,1047,40.79437893161566,-73.94883189698274,28863,Deli / Bodega,2012-05-22 13:10:06+00:00,New York City,Dining and Drinking,Restaurant,,,,
240,1047,40.79357113982765,-73.94451141357422,18380,Neighborhood,2012-05-22 13:14:36+00:00,New York City,Landmarks and Outdoors,States and Municipalities,,,,
241,1047,40.77778757821783,-73.95183971926735,3093,Coffee Shop,2012-05-22 14:24:21+00:00,New York City,Dining and Drinking,"Cafe, Coffee, and Tea House",,,,
242,1047,40.710176063160326,-73.81965838949534,18962,Library,2012-05-29 15:52:29+00:00,New York City,Community and Government,Library,,,,
243,1047,40.78486328916868,-73.9449405670166,7135,Medical Center,2012-05-29 17:15:55+00:00,New York City,Health and Medicine,Hospital,,,,
244,1047,40.78656108474002,-73.93870711326599,3920,Bridge,2012-05-29 18:39:49+00:00,New York City,Landmarks and Outdoors,Bridge,,,,
245,1047,40.70546740763091,-73.81734930692686,20503,Park,2012-05-29 19:33:33+00:00,New York City,Landmarks and Outdoors,Park,,,,
246,1047,40.707882,-73.816952,36931,Laundry Service,2012-10-16 18:39:44+00:00,New York City,Business and Professional Services,Laundry Service,,,,
247,1047,40.76819562917923,-73.867603090894,30450,Playground,2012-10-23 21:56:20+00:00,New York City,Landmarks and Outdoors,Park,,,,
248,1047,40.734588,-73.869079,16441,Clothing Store,2012-10-23 22:20:58+00:00,New York City,Retail,Fashion Retail,,,,
249,1047,40.70908991941677,-73.81811900410534,16337,Donut Shop,2012-04-04 12:08:00+00:00,New York City,Dining and Drinking,Donut Shop,,,,
250,1047,40.77787134925543,-73.95476139494657,25085,Mexican Restaurant,2012-04-04 16:41:00+00:00,New York City,Dining and Drinking,Restaurant,,,,
251,1047,40.71061633956195,-73.82021555215562,17229,Playground,2012-04-04 23:03:05+00:00,New York City,Landmarks and Outdoors,Park,,,,
252,1047,40.79776219813824,-73.95309448242188,13492,Park,2012-04-11 00:23:24+00:00,New York City,Landmarks and Outdoors,Park,,,,
253,1047,40.79038911361635,-73.94772404225043,31802,Mexican Restaurant,2012-04-11 00:32:00+00:00,New York City,Dining and Drinking,Restaurant,,,,
254,1047,40.79357113982765,-73.94451141357422,18380,Neighborhood,2012-04-11 00:55:32+00:00,New York City,Landmarks and Outdoors,States and Municipalities,,,,
255,1047,40.75673368214285,-73.95445704460144,3917,Bridge,2012-04-11 01:11:18+00:00,New York City,Landmarks and Outdoors,Bridge,,,,
256,1047,40.77801771460635,-73.95453753530832,27490,Toy / Game Store,2012-04-11 13:40:31+00:00,New York City,Retail,Toy Store,,,,
257,1047,40.77807780906056,-73.95449161535045,6976,Bank,2012-04-11 16:27:40+00:00,New York City,Business and Professional Services,Financial Service,,,,
258,1047,40.7779,-73.954644,11709,Asian Restaurant,2012-04-11 16:37:31+00:00,New York City,Dining and Drinking,Restaurant,,,,
259,1047,40.77936068088334,-73.95514023374332,8189,Cosmetics Shop,2012-04-11 23:11:46+00:00,New York City,Retail,Cosmetics Store,,,,
260,1047,40.79776219813824,-73.95309448242188,13492,Park,2012-04-18 00:26:21+00:00,New York City,Landmarks and Outdoors,Park,,,,
261,1047,40.79357113982765,-73.94451141357422,18380,Neighborhood,2012-04-18 00:26:43+00:00,New York City,Landmarks and Outdoors,States and Municipalities,,,,
262,1047,40.76035821078917,-73.97618293762207,18178,Clothing Store,2012-04-18 00:45:18+00:00,New York City,Retail,Fashion Retail,,,,
263,1047,40.753322521807306,-73.98147344600336,26906,Park,2012-04-18 00:48:44+00:00,New York City,Landmarks and Outdoors,Park,,,,
264,1047,40.70925860440031,-73.81884274648695,12608,Pizza Place,2012-04-18 01:31:27+00:00,New York City,Dining and Drinking,Restaurant,,,,
265,1047,40.77807780906056,-73.95449161535045,6976,Bank,2012-04-18 13:35:46+00:00,New York City,Business and Professional Services,Financial Service,,,,
266,1047,40.77731921040652,-73.95497377436354,11565,Drugstore / Pharmacy,2012-04-18 13:53:18+00:00,New York City,Retail,Pharmacy,,,,
267,1047,40.77801771460635,-73.95453753530832,27490,Toy / Game Store,2012-04-18 13:58:13+00:00,New York City,Retail,Toy Store,,,,
268,1047,40.7779,-73.954644,11709,Asian Restaurant,2012-04-18 16:19:34+00:00,New York City,Dining and Drinking,Restaurant,,,,
269,1047,40.77864301637975,-73.95365357420192,7387,Electronics Store,2012-04-18 16:49:34+00:00,New York City,Retail,Computers and Electronics Retail,,,,
270,1047,40.778152,-73.95438485,6604,Clothing Store,2012-04-18 16:59:14+00:00,New York City,Retail,Fashion Retail,,,,
271,1047,40.78008648315284,-73.92702341079712,6153,Bridge,2012-04-18 22:49:33+00:00,New York City,Landmarks and Outdoors,Bridge,,,,
272,1047,40.8038371384793,-73.92893314361572,11114,Bridge,2012-04-18 22:50:08+00:00,New York City,Landmarks and Outdoors,Bridge,,,,
273,1047,40.78008648315284,-73.92702341079712,6153,Bridge,2012-04-18 22:50:23+00:00,New York City,Landmarks and Outdoors,Bridge,,,,
274,1047,40.70564,-73.8095086,16388,Fried Chicken Joint,2012-04-18 23:13:05+00:00,New York City,Dining and Drinking,Restaurant,,,,
275,1047,40.70908991941677,-73.81811900410534,16337,Donut Shop,2012-04-25 12:27:46+00:00,New York City,Dining and Drinking,Donut Shop,,,,
276,1047,40.79776219813824,-73.95309448242188,13492,Park,2012-04-25 13:09:23+00:00,New York City,Landmarks and Outdoors,Park,,,,
277,1047,40.79301881008675,-73.94794464111328,23387,Historic Site,2012-04-25 13:09:41+00:00,New York City,Landmarks and Outdoors,Historic and Protected Site,,,,
278,1047,40.79357113982765,-73.94451141357422,18380,Neighborhood,2012-04-25 13:09:54+00:00,New York City,Landmarks and Outdoors,States and Municipalities,,,,
279,1047,40.77932682260789,-73.95531243295073,5797,Department Store,2012-04-25 13:40:56+00:00,New York City,Retail,Department Store,,,,
280,1047,40.77801771460635,-73.95453753530832,27490,Toy / Game Store,2012-04-25 13:47:13+00:00,New York City,Retail,Toy Store,,,,
281,1047,40.777740928194255,-73.95470399506407,10098,Fast Food Restaurant,2012-04-25 13:50:25+00:00,New York City,Dining and Drinking,Restaurant,,,,
282,1047,40.77864301637975,-73.95365357420192,7387,Electronics Store,2012-04-25 22:50:09+00:00,New York City,Retail,Computers and Electronics Retail,,,,
283,1047,40.77843896961532,-73.95451457533076,22216,Clothing Store,2012-04-25 23:00:53+00:00,New York City,Retail,Fashion Retail,,,,
284,1047,40.70387114129759,-73.81550788879395,14388,Fried Chicken Joint,2012-04-25 23:56:14+00:00,New York City,Dining and Drinking,Restaurant,,,,
285,1047,40.77778757821783,-73.95183971926735,3093,Coffee Shop,2012-07-04 13:24:53+00:00,New York City,Dining and Drinking,"Cafe, Coffee, and Tea House",,,,
286,1047,40.77937325315485,-73.95507135401736,6551,College Academic Building,2012-07-04 14:33:15+00:00,New York City,Community and Government,Education,,,,
287,1047,40.77953911885943,-73.95525231957436,6874,Electronics Store,2012-07-04 14:54:37+00:00,New York City,Retail,Computers and Electronics Retail,,,,
288,1047,40.779056,-73.95440181,14133,Clothing Store,2012-07-04 15:01:15+00:00,New York City,Retail,Fashion Retail,,,,
289,1047,40.77925781857182,-73.95514369010925,5310,Clothing Store,2012-07-04 15:12:24+00:00,New York City,Retail,Fashion Retail,,,,
290,1047,40.77861078269993,-73.95302217093521,6412,Ice Cream Shop,2012-07-04 15:32:42+00:00,New York City,Dining and Drinking,Dessert Shop,,,,
291,1047,40.79326040331816,-73.93630645483208,12567,Park,2012-07-04 17:33:24+00:00,New York City,Landmarks and Outdoors,Park,,,,
292,1047,40.72540497175607,-73.83224487304688,26843,Neighborhood,2012-07-04 21:05:54+00:00,New York City,Landmarks and Outdoors,States and Municipalities,,,,
293,1047,40.70888267090895,-73.81835450786878,16337,Donut Shop,2012-06-06 11:23:47+00:00,New York City,Dining and Drinking,Donut Shop,,,,
294,1047,40.77801771460635,-73.95453753530832,27490,Toy / Game Store,2012-06-06 16:14:11+00:00,New York City,Retail,Toy Store,,,,
295,1047,40.77787134925543,-73.95476139494657,25085,Mexican Restaurant,2012-06-06 16:15:08+00:00,New York City,Dining and Drinking,Restaurant,,,,
296,1047,40.77937325315485,-73.95507135401736,6551,College Academic Building,2012-06-06 16:38:41+00:00,New York City,Community and Government,Education,,,,
297,1047,40.77936068088334,-73.95514023374332,8189,Cosmetics Shop,2012-06-06 17:11:22+00:00,New York City,Retail,Cosmetics Store,,,,
298,1047,40.778649393729125,-73.95339527311495,7387,Electronics Store,2012-06-06 17:17:31+00:00,New York City,Retail,Computers and Electronics Retail,,,,
299,1047,40.77731921040652,-73.95497377436354,11565,Drugstore / Pharmacy,2012-06-06 17:25:31+00:00,New York City,Retail,Pharmacy,,,,
300,1047,40.78038,-73.95285,7268,Cosmetics Shop,2012-06-06 20:17:34+00:00,New York City,Retail,Cosmetics Store,,,,
301,1047,40.70794015069567,-73.81803858812204,7590,Diner,2012-06-06 22:51:16+00:00,New York City,Dining and Drinking,Restaurant,,,,
302,1047,40.70925860440031,-73.81884274648695,12608,Pizza Place,2012-06-06 23:01:40+00:00,New York City,Dining and Drinking,Restaurant,,,,
303,1047,40.78008648315284,-73.92702341079712,6153,Bridge,2012-06-20 22:30:32+00:00,New York City,Landmarks and Outdoors,Bridge,,,,
304,1047,40.78008648315284,-73.92702341079712,6153,Bridge,2012-06-20 22:30:45+00:00,New York City,Landmarks and Outdoors,Bridge,,,,
305,1047,40.73117375006981,-73.86372682664583,20523,American Restaurant,2012-06-20 23:14:34+00:00,New York City,Dining and Drinking,Restaurant,,,,
306,1047,40.8038371384793,-73.92893314361572,11114,Bridge,2012-05-02 00:31:49+00:00,New York City,Landmarks and Outdoors,Bridge,,,,
307,1047,40.78008648315284,-73.92702341079712,6153,Bridge,2012-05-02 00:32:02+00:00,New York City,Landmarks and Outdoors,Bridge,,,,
308,1047,40.79357113982765,-73.94451141357422,18380,Neighborhood,2012-05-02 00:32:31+00:00,New York City,Landmarks and Outdoors,States and Municipalities,,,,
309,1047,40.79437893161566,-73.94883189698274,28863,Deli / Bodega,2012-05-09 00:08:13+00:00,New York City,Dining and Drinking,Restaurant,,,,
310,1047,40.7714256153356,-73.97350072860723,1056,Park,2012-05-09 00:37:32+00:00,New York City,Landmarks and Outdoors,Park,,,,
311,1047,40.75673368214285,-73.95445704460144,3917,Bridge,2012-05-09 00:44:17+00:00,New York City,Landmarks and Outdoors,Bridge,,,,
312,1047,40.72784213324929,-73.929163813591,10912,Bridge,2012-05-09 00:54:30+00:00,New York City,Landmarks and Outdoors,Bridge,,,,
313,1047,40.70918305,-73.818056,16684,Chinese Restaurant,2012-05-09 01:51:45+00:00,New York City,Dining and Drinking,Restaurant,,,,
314,1047,40.757666508634586,-73.96961017102844,14645,Donut Shop,2012-05-09 13:40:48+00:00,New York City,Dining and Drinking,Donut Shop,,,,
315,1047,40.77801771460635,-73.95453753530832,27490,Toy / Game Store,2012-05-09 14:58:42+00:00,New York City,Retail,Toy Store,,,,
316,1047,40.77912675849531,-73.95477861490801,28823,Pool Hall,2012-05-09 22:11:57+00:00,New York City,Arts and Entertainment,Pool Hall,,,,
317,1047,40.79776219813824,-73.95309448242188,13492,Park,2012-05-09 23:15:01+00:00,New York City,Landmarks and Outdoors,Park,,,,
318,1047,40.71202316011473,-73.81571799855105,26668,Neighborhood,2012-05-16 03:05:18+00:00,New York City,Landmarks and Outdoors,States and Municipalities,,,,
319,1047,40.70888267090895,-73.81835450786878,16337,Donut Shop,2012-05-16 11:40:43+00:00,New York City,Dining and Drinking,Donut Shop,,,,
320,1047,40.79776219813824,-73.95309448242188,13492,Park,2012-05-16 12:52:45+00:00,New York City,Landmarks and Outdoors,Park,,,,
321,1047,40.79437893161566,-73.94883189698274,28863,Deli / Bodega,2012-05-16 13:19:44+00:00,New York City,Dining and Drinking,Restaurant,,,,
322,1047,40.79301881008675,-73.94794464111328,23387,Historic Site,2012-05-16 13:26:20+00:00,New York City,Landmarks and Outdoors,Historic and Protected Site,,,,
323,1047,40.77801771460635,-73.95453753530832,27490,Toy / Game Store,2012-05-16 13:45:59+00:00,New York City,Retail,Toy Store,,,,
324,1047,40.776647,-73.952728,3110,Pizza Place,2012-05-16 16:40:48+00:00,New York City,Dining and Drinking,Restaurant,,,,
325,1047,40.77843896961532,-73.95451457533076,22216,Clothing Store,2012-05-16 17:11:21+00:00,New York City,Retail,Fashion Retail,,,,
326,1047,40.77787134925543,-73.95476139494657,25085,Mexican Restaurant,2012-05-23 16:23:57+00:00,New York City,Dining and Drinking,Restaurant,,,,
327,1047,40.79357113982765,-73.94451141357422,18380,Neighborhood,2012-05-23 22:14:22+00:00,New York City,Landmarks and Outdoors,States and Municipalities,,,,
328,1047,40.77352187640244,-73.95678520202637,17922,Neighborhood,2012-05-23 22:15:14+00:00,New York City,Landmarks and Outdoors,States and Municipalities,,,,
329,1047,40.79776219813824,-73.95309448242188,13492,Park,2012-05-23 22:29:34+00:00,New York City,Landmarks and Outdoors,Park,,,,
330,1047,40.79357113982765,-73.94451141357422,18380,Neighborhood,2012-05-23 22:39:22+00:00,New York City,Landmarks and Outdoors,States and Municipalities,,,,
331,1047,40.8038371384793,-73.92893314361572,11114,Bridge,2012-05-23 22:40:23+00:00,New York City,Landmarks and Outdoors,Bridge,,,,
332,1047,40.79835415492092,-73.92317166623363,20429,Office,2012-05-23 22:41:29+00:00,New York City,Business and Professional Services,Office,,,,
333,1047,40.78008648315284,-73.92702341079712,6153,Bridge,2012-05-23 22:42:20+00:00,New York City,Landmarks and Outdoors,Bridge,,,,
334,1047,40.71202316011473,-73.81571799855105,26668,Neighborhood,2012-05-23 23:25:32+00:00,New York City,Landmarks and Outdoors,States and Municipalities,,,,
335,1047,40.70815835306285,-73.81765373975024,18189,Food & Drink Shop,2012-05-23 23:39:48+00:00,New York City,Retail,Food and Beverage Retail,,,,
336,1047,40.70533724173047,-73.80038074660628,32148,School,2012-09-12 18:04:09+00:00,New York City,Community and Government,Education,,,,
337,1047,40.70805935103175,-73.81739525908111,12685,Diner,2012-10-30 18:00:09+00:00,,Dining and Drinking,Restaurant,0.0,0.0,nyc,Rec
338,1047,40.71004914866327,-73.79762336230021,36740,Neighborhood,2012-10-31 18:00:09+00:00,,Landmarks and Outdoors,States and Municipalities,1.0,0.0,nyc,Explore
339,1047,40.71202316011473,-73.81571799855105,26668,Neighborhood,2012-10-31 18:00:09+00:00,,Landmarks and Outdoors,States and Municipalities,1.0,0.0,nyc,Return
340,1047,40.72911361142167,-73.86248640593367,27023,Neighborhood,2012-10-31 18:00:09+00:00,,Landmarks and Outdoors,States and Municipalities,1.0,0.0,nyc,Rec
341,1047,40.7331450394645,-73.86301517486572,11617,Mall,2012-11-09 18:00:09+00:00,,Retail,Shopping Mall,10.0,1.0,nyc,Rec
342,1047,40.77722400869847,-73.94946497319927,29169,Vegetarian / Vegan Restaurant,2012-11-09 18:00:09+00:00,,Dining and Drinking,Restaurant,10.0,1.0,nyc,Explore
343,1047,40.795163,-73.948483,30496,Salon / Barbershop,2012-11-12 18:00:09+00:00,,Business and Professional Services,Health and Beauty Service,13.0,1.0,nyc,Rec
344,1047,40.733176,-73.810405,16070,Bowling Alley,2012-11-18 18:00:09+00:00,,Arts and Entertainment,Bowling Alley,19.0,2.0,nyc,Rec
345,1047,40.73942708474485,-73.81534427404404,13732,Donut Shop,2012-11-21 18:00:09+00:00,,Dining and Drinking,Donut Shop,22.0,3.0,nyc,Rec
346,1047,40.732933,-73.80478,12293,Pizza Place,2012-11-23 18:00:09+00:00,,Dining and Drinking,Restaurant,24.0,3.0,nyc,Rec
347,1047,40.73942708474485,-73.81534427404404,13732,Donut Shop,2012-11-26 18:00:09+00:00,,Dining and Drinking,Donut Shop,27.0,3.0,nyc,Rec
348,1047,40.739744485221394,-73.81532740159643,13626,American Restaurant,2012-11-30 18:00:09+00:00,,Dining and Drinking,Restaurant,31.0,4.0,nyc,Rec
349,1047,40.70888267090895,-73.81835450786878,16337,Donut Shop,2012-12-03 18:00:09+00:00,,Dining and Drinking,Donut Shop,34.0,4.0,nyc,Return
350,1047,40.78664539208868,-73.94223059630244,34756,Department Store,2012-12-03 18:00:09+00:00,,Retail,Department Store,34.0,4.0,nyc,Rec
351,1047,40.79437893161566,-73.94883189698274,28863,Deli / Bodega,2012-12-03 18:00:09+00:00,,Dining and Drinking,Restaurant,34.0,4.0,nyc,Rec
352,1047,40.77912606570555,-73.95490489457822,18341,Burger Joint,2012-12-04 18:00:09+00:00,,Dining and Drinking,Restaurant,35.0,5.0,nyc,Rec
353,1047,40.775457,-73.956416,12190,Food & Drink Shop,2012-12-07 18:00:09+00:00,,Retail,Food and Beverage Retail,38.0,5.0,nyc,Rec
354,1047,40.732933,-73.80478,12293,Pizza Place,2012-12-08 18:00:09+00:00,,Dining and Drinking,Restaurant,39.0,5.0,nyc,Return
355,1047,40.70533192318822,-73.7936595554262,30044,Clothing Store,2012-12-08 18:00:09+00:00,,Retail,Fashion Retail,39.0,5.0,nyc,Rec
356,1047,40.70918305,-73.818056,16684,Chinese Restaurant,2012-12-08 18:00:09+00:00,,Dining and Drinking,Restaurant,39.0,5.0,nyc,Return
357,1047,40.76415461906297,-73.9868969055432,1165,Bar,2012-12-09 18:00:09+00:00,,Dining and Drinking,Bar,40.0,5.0,nyc,Explore
358,1047,40.77778757821783,-73.95183971926735,3093,Coffee Shop,2012-12-09 18:00:09+00:00,,Dining and Drinking,"Cafe, Coffee, and Tea House",40.0,5.0,nyc,Return
359,1047,40.78458243007625,-73.94717298261078,30034,Donut Shop,2012-12-11 18:00:09+00:00,,Dining and Drinking,Donut Shop,42.0,6.0,nyc,Rec
360,1047,40.78664539208868,-73.94223059630244,34756,Department Store,2012-12-11 18:00:09+00:00,,Retail,Department Store,42.0,6.0,nyc,Return
361,1047,40.78993869435254,-73.9459732744243,16448,Video Game Store,2012-12-11 18:00:09+00:00,,Retail,Computers and Electronics Retail,42.0,6.0,nyc,Rec
362,1047,40.79357113982765,-73.94451141357422,18380,Neighborhood,2012-12-21 18:00:09+00:00,,Landmarks and Outdoors,States and Municipalities,52.0,7.0,nyc,Return
363,1047,40.70888267090895,-73.81835450786878,16337,Donut Shop,2012-12-21 18:00:09+00:00,,Dining and Drinking,Donut Shop,52.0,7.0,nyc,Return
