,uid,lat,lng,venueID,venue_descr,time,city_name,First_Category,Second_Category,step,epoch,city,simulation_state
0,293,40.690652,-73.92427,11278,Food & Drink Shop,2012-04-06 16:20:37+00:00,New York City,Retail,Food and Beverage Retail,,,,
1,293,40.68927817624841,-73.92219543457031,11105,Drugstore / Pharmacy,2012-04-06 16:37:17+00:00,New York City,Retail,Pharmacy,,,,
2,293,40.71430985040704,-73.94939443218914,24789,Other Great Outdoors,2012-04-13 00:27:02+00:00,New York City,Landmarks and Outdoors,Other Great Outdoors,,,,
3,293,40.71595073760232,-73.94959533722336,24873,Smoke Shop,2012-04-13 00:29:02+00:00,New York City,Retail,Smoke Shop,,,,
4,293,40.71441897635021,-73.94948053437223,8491,Pizza Place,2012-04-13 02:03:34+00:00,New York City,Dining and Drinking,Restaurant,,,,
5,293,40.71595073760232,-73.94959533722336,24873,Smoke Shop,2012-04-13 02:30:57+00:00,New York City,Retail,Smoke Shop,,,,
6,293,40.65016889724004,-73.94957542419434,21907,Neighborhood,2012-04-13 06:04:17+00:00,New York City,Landmarks and Outdoors,States and Municipalities,,,,
7,293,40.71430985040704,-73.94939443218914,24789,Other Great Outdoors,2012-04-13 06:05:19+00:00,New York City,Landmarks and Outdoors,Other Great Outdoors,,,,
8,293,40.68900261661789,-73.9290847274161,24249,General Travel,2012-04-13 16:18:55+00:00,New York City,Travel and Transportation,General Travel,,,,
9,293,40.68900261661789,-73.9290847274161,24249,General Travel,2012-04-13 16:19:13+00:00,New York City,Travel and Transportation,General Travel,,,,
10,293,40.65016889724004,-73.94957542419434,21907,Neighborhood,2012-04-20 05:28:09+00:00,New York City,Landmarks and Outdoors,States and Municipalities,,,,
11,293,40.71430985040704,-73.94939443218914,24789,Other Great Outdoors,2012-04-20 05:29:07+00:00,New York City,Landmarks and Outdoors,Other Great Outdoors,,,,
12,293,40.68927817624841,-73.92219543457031,11105,Drugstore / Pharmacy,2012-04-20 19:45:34+00:00,New York City,Retail,Pharmacy,,,,
13,293,40.690652,-73.92427,11278,Food & Drink Shop,2012-04-20 19:47:21+00:00,New York City,Retail,Food and Beverage Retail,,,,
14,293,40.70408637926169,-73.9480799340999,30488,General Travel,2012-04-20 20:15:40+00:00,New York City,Travel and Transportation,General Travel,,,,
15,293,40.71430985040704,-73.94939443218914,24789,Other Great Outdoors,2012-04-20 20:33:17+00:00,New York City,Landmarks and Outdoors,Other Great Outdoors,,,,
16,293,40.65016889724004,-73.94957542419434,21907,Neighborhood,2012-04-20 20:34:31+00:00,New York City,Landmarks and Outdoors,States and Municipalities,,,,
17,293,40.716069008205125,-73.9497388406914,14297,Deli / Bodega,2012-04-20 21:38:26+00:00,New York City,Dining and Drinking,Restaurant,,,,
18,293,40.68908686839873,-73.93024435518471,24249,General Travel,2012-04-27 16:54:33+00:00,New York City,Travel and Transportation,General Travel,,,,
19,293,40.72678506374359,-74.00346747445712,5959,Park,2012-04-27 17:27:55+00:00,New York City,Landmarks and Outdoors,Park,,,,
20,293,40.727297,-74.005485,4779,Sandwich Place,2012-04-27 17:29:50+00:00,New York City,Dining and Drinking,Restaurant,,,,
21,293,40.727035,-74.005569,10353,Paper / Office Supplies Store,2012-04-27 17:38:12+00:00,New York City,Retail,Office Supply Store,,,,
22,293,40.726493078250186,-74.00530109029536,2369,General Entertainment,2012-04-27 17:38:51+00:00,New York City,Arts and Entertainment,General Entertainment,,,,
23,293,40.7140882616396,-73.94940591248245,24789,Other Great Outdoors,2012-08-10 00:22:06+00:00,New York City,Landmarks and Outdoors,Other Great Outdoors,,,,
24,293,40.71416030830439,-73.94938295189516,8491,Pizza Place,2012-08-10 00:22:56+00:00,New York City,Dining and Drinking,Restaurant,,,,
25,293,40.71505590186361,-73.9495034949479,1317,Bakery,2012-08-10 00:23:59+00:00,New York City,Dining and Drinking,Bakery,,,,
26,293,40.71595073760232,-73.94959533722336,24873,Smoke Shop,2012-08-10 00:53:29+00:00,New York City,Retail,Smoke Shop,,,,
27,293,40.71532844619961,-73.94954367594879,36564,General Travel,2012-08-10 04:09:56+00:00,New York City,Travel and Transportation,General Travel,,,,
28,293,40.68990012489897,-73.93075527809141,26212,Chinese Restaurant,2012-08-10 15:42:55+00:00,New York City,Dining and Drinking,Restaurant,,,,
29,293,40.68896799720544,-73.92899861616681,24249,General Travel,2012-08-10 15:44:53+00:00,New York City,Travel and Transportation,General Travel,,,,
30,293,40.72678506374359,-74.00346747445712,5959,Park,2012-08-10 17:46:05+00:00,New York City,Landmarks and Outdoors,Park,,,,
31,293,40.72648554606392,-74.00508876647187,35262,Office,2012-08-10 18:36:58+00:00,New York City,Dining and Drinking,Cafeteria,,,,
32,293,40.7140882616396,-73.94940591248245,24789,Other Great Outdoors,2012-08-17 00:18:08+00:00,New York City,Landmarks and Outdoors,Other Great Outdoors,,,,
33,293,40.68990012489897,-73.93075527809141,26212,Chinese Restaurant,2012-08-17 16:46:55+00:00,New York City,Dining and Drinking,Restaurant,,,,
34,293,40.68914413452149,-73.9303207397461,36932,Deli / Bodega,2012-08-17 16:48:49+00:00,New York City,Dining and Drinking,Restaurant,,,,
35,293,40.68911614597272,-73.93030176231997,36933,Convenience Store,2012-08-17 16:50:09+00:00,New York City,Retail,Convenience Store,,,,
36,293,40.72678506374359,-74.00346747445712,5959,Park,2012-08-17 17:34:22+00:00,New York City,Landmarks and Outdoors,Park,,,,
37,293,40.72174947635632,-73.99350815375443,34164,Other Great Outdoors,2012-07-06 00:03:23+00:00,New York City,Landmarks and Outdoors,Other Great Outdoors,,,,
38,293,40.7140882616396,-73.94940591248245,24789,Other Great Outdoors,2012-07-06 00:18:56+00:00,New York City,Landmarks and Outdoors,Other Great Outdoors,,,,
39,293,40.71595073760232,-73.94959533722336,24873,Smoke Shop,2012-07-06 00:20:19+00:00,New York City,Retail,Smoke Shop,,,,
40,293,40.716069008205125,-73.9497388406914,14297,Deli / Bodega,2012-07-06 01:36:01+00:00,New York City,Dining and Drinking,Restaurant,,,,
41,293,40.71595073760232,-73.94959533722336,24873,Smoke Shop,2012-07-06 02:29:33+00:00,New York City,Retail,Smoke Shop,,,,
42,293,40.7140882616396,-73.94940591248245,24789,Other Great Outdoors,2012-07-06 06:08:26+00:00,New York City,Landmarks and Outdoors,Other Great Outdoors,,,,
43,293,40.714049,-73.949311,26729,Bagel Shop,2012-07-06 06:10:33+00:00,New York City,Dining and Drinking,Bagel Shop,,,,
44,293,40.7140882616396,-73.94940591248245,24789,Other Great Outdoors,2012-07-13 00:24:31+00:00,New York City,Landmarks and Outdoors,Other Great Outdoors,,,,
45,293,40.71416030830439,-73.94938295189516,8491,Pizza Place,2012-07-13 00:25:36+00:00,New York City,Dining and Drinking,Restaurant,,,,
46,293,40.71505590186361,-73.9495034949479,1317,Bakery,2012-07-13 00:26:05+00:00,New York City,Dining and Drinking,Bakery,,,,
47,293,40.65016889724004,-73.94957542419434,21907,Neighborhood,2012-07-13 00:26:39+00:00,New York City,Landmarks and Outdoors,States and Municipalities,,,,
48,293,40.716069008205125,-73.9497388406914,14297,Deli / Bodega,2012-07-13 00:56:43+00:00,New York City,Dining and Drinking,Restaurant,,,,
49,293,40.716069008205125,-73.9497388406914,14297,Deli / Bodega,2012-07-13 00:58:54+00:00,New York City,Dining and Drinking,Restaurant,,,,
50,293,40.71595073760232,-73.94959533722336,24873,Smoke Shop,2012-07-13 01:01:35+00:00,New York City,Retail,Smoke Shop,,,,
51,293,40.65016889724004,-73.94957542419434,21907,Neighborhood,2012-07-13 03:22:22+00:00,New York City,Landmarks and Outdoors,States and Municipalities,,,,
52,293,40.71532844619961,-73.94954367594879,36564,General Travel,2012-07-13 03:23:49+00:00,New York City,Travel and Transportation,General Travel,,,,
53,293,40.70427317579925,-73.94809715465664,24503,Deli / Bodega,2012-07-13 03:44:23+00:00,New York City,Dining and Drinking,Restaurant,,,,
54,293,40.68896799720544,-73.92899861616681,24249,General Travel,2012-07-13 16:53:13+00:00,New York City,Travel and Transportation,General Travel,,,,
55,293,40.72678506374359,-74.00346747445712,5959,Park,2012-07-13 17:32:38+00:00,New York City,Landmarks and Outdoors,Park,,,,
56,293,40.72702212508501,-74.00527813637986,10353,Paper / Office Supplies Store,2012-07-13 18:09:38+00:00,New York City,Retail,Office Supply Store,,,,
57,293,40.72692705548838,-74.0054904599932,2369,General Entertainment,2012-07-13 18:29:33+00:00,New York City,Arts and Entertainment,General Entertainment,,,,
58,293,40.72648554606392,-74.00508876647187,35262,Office,2012-07-13 19:21:51+00:00,New York City,Dining and Drinking,Cafeteria,,,,
59,293,40.68927817624841,-73.92219543457031,11105,Drugstore / Pharmacy,2012-07-20 13:01:20+00:00,New York City,Retail,Pharmacy,,,,
60,293,40.69027455119438,-73.92338408028661,26992,Miscellaneous Shop,2012-07-20 13:06:04+00:00,New York City,Retail,Miscellaneous Store,,,,
61,293,40.690652,-73.92427,11278,Food & Drink Shop,2012-07-20 13:06:45+00:00,New York City,Retail,Food and Beverage Retail,,,,
62,293,40.72678506374359,-74.00346747445712,5959,Park,2012-06-01 17:42:11+00:00,New York City,Landmarks and Outdoors,Park,,,,
63,293,40.72702212508501,-74.00527813637986,10353,Paper / Office Supplies Store,2012-06-01 17:42:34+00:00,New York City,Retail,Office Supply Store,,,,
64,293,40.72692705548838,-74.0054904599932,2369,General Entertainment,2012-06-01 17:47:03+00:00,New York City,Arts and Entertainment,General Entertainment,,,,
65,293,40.72648554606392,-74.00508876647187,35262,Office,2012-06-01 17:51:10+00:00,New York City,Dining and Drinking,Cafeteria,,,,
66,293,40.7140882616396,-73.94940591248245,24789,Other Great Outdoors,2012-06-08 00:20:09+00:00,New York City,Landmarks and Outdoors,Other Great Outdoors,,,,
67,293,40.65016889724004,-73.94957542419434,21907,Neighborhood,2012-06-08 00:21:00+00:00,New York City,Landmarks and Outdoors,States and Municipalities,,,,
68,293,40.71595073760232,-73.94959533722336,24873,Smoke Shop,2012-06-08 00:21:38+00:00,New York City,Retail,Smoke Shop,,,,
69,293,40.68898174275213,-73.92964157923912,24249,General Travel,2012-06-08 16:32:26+00:00,New York City,Travel and Transportation,General Travel,,,,
70,293,40.72678506374359,-74.00346747445712,5959,Park,2012-06-08 17:14:50+00:00,New York City,Landmarks and Outdoors,Park,,,,
71,293,40.727205,-74.003234,13759,Convenience Store,2012-06-08 17:17:29+00:00,New York City,Retail,Convenience Store,,,,
72,293,40.72702212508501,-74.00527813637986,10353,Paper / Office Supplies Store,2012-06-08 17:19:31+00:00,New York City,Retail,Office Supply Store,,,,
73,293,40.72692705548838,-74.0054904599932,2369,General Entertainment,2012-06-08 20:16:12+00:00,New York City,Arts and Entertainment,General Entertainment,,,,
74,293,40.68876325869754,-73.93024435518471,24249,General Travel,2012-05-04 16:37:34+00:00,New York City,Travel and Transportation,General Travel,,,,
75,293,40.72678506374359,-74.00346747445712,5959,Park,2012-05-04 17:08:13+00:00,New York City,Landmarks and Outdoors,Park,,,,
76,293,40.72789663397213,-74.00722347094514,8108,Drugstore / Pharmacy,2012-05-04 17:15:14+00:00,New York City,Retail,Pharmacy,,,,
77,293,40.727035,-74.005569,10353,Paper / Office Supplies Store,2012-05-04 17:24:13+00:00,New York City,Retail,Office Supply Store,,,,
78,293,40.68898174275213,-73.92964157923912,24249,General Travel,2012-05-25 16:34:42+00:00,New York City,Travel and Transportation,General Travel,,,,
79,293,40.727205,-74.003234,13759,Convenience Store,2012-05-25 17:57:47+00:00,New York City,Retail,Convenience Store,,,,
80,293,40.72702212508501,-74.00527813637986,10353,Paper / Office Supplies Store,2012-05-25 17:58:01+00:00,New York City,Retail,Office Supply Store,,,,
81,293,40.72692705548838,-74.0054904599932,2369,General Entertainment,2012-05-25 17:58:31+00:00,New York City,Arts and Entertainment,General Entertainment,,,,
82,293,40.72648554606392,-74.00508876647187,35262,Office,2012-05-25 18:07:54+00:00,New York City,Dining and Drinking,Cafeteria,,,,
83,293,40.72747808896111,-74.00735545457952,11875,Bank,2012-05-25 23:45:56+00:00,New York City,Business and Professional Services,Financial Service,,,,
84,293,40.726347595238224,-74.00433702347331,3247,Diner,2012-10-12 00:04:27+00:00,New York City,Dining and Drinking,Restaurant,,,,
85,293,40.7140882616396,-73.94940591248245,24789,Other Great Outdoors,2012-10-12 00:30:40+00:00,New York City,Landmarks and Outdoors,Other Great Outdoors,,,,
86,293,40.71416030830439,-73.94938295189516,8491,Pizza Place,2012-10-12 00:31:09+00:00,New York City,Dining and Drinking,Restaurant,,,,
87,293,40.71505590186361,-73.9495034949479,1317,Bakery,2012-10-12 00:31:38+00:00,New York City,Dining and Drinking,Bakery,,,,
88,293,40.716069008205125,-73.9497388406914,14297,Deli / Bodega,2012-10-12 00:32:47+00:00,New York City,Dining and Drinking,Restaurant,,,,
89,293,40.71595073760232,-73.94959533722336,24873,Smoke Shop,2012-10-12 01:56:56+00:00,New York City,Retail,Smoke Shop,,,,
90,293,40.7140882616396,-73.94940591248245,24789,Other Great Outdoors,2012-10-12 04:40:04+00:00,New York City,Landmarks and Outdoors,Other Great Outdoors,,,,
91,293,40.71532844619961,-73.94954367594879,36564,General Travel,2012-10-12 04:41:03+00:00,New York City,Travel and Transportation,General Travel,,,,
92,293,40.70427839194181,-73.94789624806582,37337,General Travel,2012-10-12 04:51:16+00:00,New York City,Travel and Transportation,General Travel,,,,
93,293,40.767701984777474,-73.98254667184153,5159,Smoke Shop,2012-10-12 17:39:18+00:00,New York City,Retail,Smoke Shop,,,,
94,293,40.76387225821386,-73.9777199780318,4664,Smoke Shop,2012-10-12 18:06:31+00:00,New York City,Retail,Smoke Shop,,,,
95,293,40.7140882616396,-73.94940591248245,24789,Other Great Outdoors,2012-10-12 18:55:39+00:00,New York City,Landmarks and Outdoors,Other Great Outdoors,,,,
96,293,40.71416030830439,-73.94938295189516,8491,Pizza Place,2012-10-12 18:56:07+00:00,New York City,Dining and Drinking,Restaurant,,,,
97,293,40.71505590186361,-73.9495034949479,1317,Bakery,2012-10-12 18:56:36+00:00,New York City,Dining and Drinking,Bakery,,,,
98,293,40.716069008205125,-73.9497388406914,14297,Deli / Bodega,2012-10-12 19:23:51+00:00,New York City,Dining and Drinking,Restaurant,,,,
99,293,40.71559176749147,-73.94962403792549,30920,Deli / Bodega,2012-10-12 19:26:28+00:00,New York City,Dining and Drinking,Restaurant,,,,
100,293,40.7140882616396,-73.94940591248245,24789,Other Great Outdoors,2012-10-19 00:19:48+00:00,New York City,Landmarks and Outdoors,Other Great Outdoors,,,,
101,293,40.68990012489897,-73.93075527809141,26212,Chinese Restaurant,2012-10-19 16:22:26+00:00,New York City,Dining and Drinking,Restaurant,,,,
102,293,40.68914413452149,-73.9303207397461,36932,Deli / Bodega,2012-10-19 17:23:59+00:00,New York City,Dining and Drinking,Restaurant,,,,
103,293,40.68904527212705,-73.93031898445723,37312,Convenience Store,2012-10-19 17:25:36+00:00,New York City,Retail,Convenience Store,,,,
104,293,40.72704803712337,-74.00345902982042,13759,Convenience Store,2012-10-19 18:58:48+00:00,New York City,Retail,Convenience Store,,,,
105,293,40.72648554606392,-74.00508876647187,35262,Office,2012-10-19 19:25:49+00:00,New York City,Dining and Drinking,Cafeteria,,,,
106,293,40.71430292374222,-73.94942887306698,24789,Other Great Outdoors,2012-10-26 03:23:02+00:00,New York City,Landmarks and Outdoors,Other Great Outdoors,,,,
107,293,40.71532844619961,-73.94954367594879,36564,General Travel,2012-10-26 03:23:38+00:00,New York City,Travel and Transportation,General Travel,,,,
108,293,40.71532844619961,-73.94954367594879,36564,General Travel,2012-10-26 03:23:55+00:00,New York City,Travel and Transportation,General Travel,,,,
109,293,40.68904527212705,-73.93031898445723,37312,Convenience Store,2012-10-26 15:32:06+00:00,New York City,Retail,Convenience Store,,,,
110,293,40.76812532625672,-73.98441762875413,16996,Medical Center,2012-10-26 17:58:02+00:00,New York City,Health and Medicine,Physician,,,,
111,293,40.76387225821386,-73.9777199780318,4664,Smoke Shop,2012-10-26 18:38:44+00:00,New York City,Retail,Smoke Shop,,,,
112,293,40.76393002190952,-73.97746170919268,7109,Drugstore / Pharmacy,2012-10-26 18:39:15+00:00,New York City,Retail,Pharmacy,,,,
113,293,40.71505590186361,-73.9495034949479,1317,Bakery,2012-10-26 19:07:11+00:00,New York City,Dining and Drinking,Bakery,,,,
114,293,40.716069008205125,-73.9497388406914,14297,Deli / Bodega,2012-10-26 19:07:55+00:00,New York City,Dining and Drinking,Restaurant,,,,
115,293,40.69050658427037,-73.933539497251,27700,Deli / Bodega,2012-09-14 16:16:23+00:00,New York City,Dining and Drinking,Restaurant,,,,
116,293,40.68914413452149,-73.9303207397461,36932,Deli / Bodega,2012-09-14 16:28:37+00:00,New York City,Dining and Drinking,Restaurant,,,,
117,293,40.68896799720544,-73.92899861616681,24249,General Travel,2012-09-14 16:29:25+00:00,New York City,Travel and Transportation,General Travel,,,,
118,293,40.72678506374359,-74.00346747445712,5959,Park,2012-09-14 17:17:44+00:00,New York City,Landmarks and Outdoors,Park,,,,
119,293,40.72789663397213,-74.00722347094514,8108,Drugstore / Pharmacy,2012-09-14 18:09:46+00:00,New York City,Retail,Pharmacy,,,,
120,293,40.72648554606392,-74.00508876647187,35262,Office,2012-09-14 18:13:44+00:00,New York City,Dining and Drinking,Cafeteria,,,,
121,293,40.68900261661789,-73.9290847274161,24249,General Travel,2012-04-09 16:26:07+00:00,New York City,Travel and Transportation,General Travel,,,,
122,293,40.72678506374359,-74.00346747445712,5959,Park,2012-04-09 17:11:15+00:00,New York City,Landmarks and Outdoors,Park,,,,
123,293,40.68900261661789,-73.9290847274161,24249,General Travel,2012-04-16 16:12:48+00:00,New York City,Travel and Transportation,General Travel,,,,
124,293,40.72678506374359,-74.00346747445712,5959,Park,2012-04-16 17:28:48+00:00,New York City,Landmarks and Outdoors,Park,,,,
125,293,40.726493078250186,-74.00530109029536,2369,General Entertainment,2012-04-16 18:43:47+00:00,New York City,Arts and Entertainment,General Entertainment,,,,
126,293,40.65016889724004,-73.94957542419434,21907,Neighborhood,2012-04-23 05:46:30+00:00,New York City,Landmarks and Outdoors,States and Municipalities,,,,
127,293,40.71430985040704,-73.94939443218914,24789,Other Great Outdoors,2012-04-23 05:47:19+00:00,New York City,Landmarks and Outdoors,Other Great Outdoors,,,,
128,293,40.801666932947775,-73.9574189908253,32665,Drugstore / Pharmacy,2012-04-23 16:57:38+00:00,New York City,Retail,Pharmacy,,,,
129,293,40.810134,-73.950986,17969,Drugstore / Pharmacy,2012-04-23 17:17:27+00:00,New York City,Retail,Pharmacy,,,,
130,293,40.81081304779258,-73.95077206251672,13080,Southern / Soul Food Restaurant,2012-04-23 17:19:27+00:00,New York City,Dining and Drinking,Restaurant,,,,
131,293,40.68908686839873,-73.93024435518471,24249,General Travel,2012-04-23 21:25:53+00:00,New York City,Travel and Transportation,General Travel,,,,
132,293,40.70408637926169,-73.9480799340999,30488,General Travel,2012-08-06 00:12:05+00:00,New York City,Travel and Transportation,General Travel,,,,
133,293,40.716069008205125,-73.9497388406914,14297,Deli / Bodega,2012-08-06 00:34:50+00:00,New York City,Dining and Drinking,Restaurant,,,,
134,293,40.7140882616396,-73.94940591248245,24789,Other Great Outdoors,2012-08-06 04:44:07+00:00,New York City,Landmarks and Outdoors,Other Great Outdoors,,,,
135,293,40.714049,-73.949311,26729,Bagel Shop,2012-08-06 04:45:28+00:00,New York City,Dining and Drinking,Bagel Shop,,,,
136,293,40.71043968200684,-73.948771,13021,Food & Drink Shop,2012-08-06 04:48:33+00:00,New York City,Retail,Food and Beverage Retail,,,,
137,293,40.70427317579925,-73.94809715465664,24503,Deli / Bodega,2012-08-06 04:58:56+00:00,New York City,Dining and Drinking,Restaurant,,,,
138,293,40.716069008205125,-73.9497388406914,14297,Deli / Bodega,2012-08-13 03:19:27+00:00,New York City,Dining and Drinking,Restaurant,,,,
139,293,40.68990012489897,-73.93075527809141,26212,Chinese Restaurant,2012-08-13 16:39:58+00:00,New York City,Dining and Drinking,Restaurant,,,,
140,293,40.68896799720544,-73.92899861616681,24249,General Travel,2012-08-13 16:43:23+00:00,New York City,Travel and Transportation,General Travel,,,,
141,293,40.7140882616396,-73.94940591248245,24789,Other Great Outdoors,2012-08-20 05:46:14+00:00,New York City,Landmarks and Outdoors,Other Great Outdoors,,,,
142,293,40.714049,-73.949311,26729,Bagel Shop,2012-08-20 05:47:49+00:00,New York City,Dining and Drinking,Bagel Shop,,,,
143,293,40.70427317579925,-73.94809715465664,24503,Deli / Bodega,2012-08-20 06:01:55+00:00,New York City,Dining and Drinking,Restaurant,,,,
144,293,40.68990012489897,-73.93075527809141,26212,Chinese Restaurant,2012-07-02 16:51:17+00:00,New York City,Dining and Drinking,Restaurant,,,,
145,293,40.72692705548838,-74.0054904599932,2369,General Entertainment,2012-07-02 17:45:07+00:00,New York City,Arts and Entertainment,General Entertainment,,,,
146,293,40.72648554606392,-74.00508876647187,35262,Office,2012-07-02 17:53:03+00:00,New York City,Dining and Drinking,Cafeteria,,,,
147,293,40.68896799720544,-73.92899861616681,24249,General Travel,2012-07-09 16:40:22+00:00,New York City,Travel and Transportation,General Travel,,,,
148,293,40.68990012489897,-73.93075527809141,26212,Chinese Restaurant,2012-07-16 16:40:20+00:00,New York City,Dining and Drinking,Restaurant,,,,
149,293,40.68896799720544,-73.92899861616681,24249,General Travel,2012-07-16 16:43:04+00:00,New York City,Travel and Transportation,General Travel,,,,
150,293,40.72702212508501,-74.00527813637986,10353,Paper / Office Supplies Store,2012-07-16 17:25:33+00:00,New York City,Retail,Office Supply Store,,,,
151,293,40.726347595238224,-74.00433702347331,3247,Diner,2012-07-16 23:51:40+00:00,New York City,Dining and Drinking,Restaurant,,,,
152,293,40.7140882616396,-73.94940591248245,24789,Other Great Outdoors,2012-07-30 06:16:04+00:00,New York City,Landmarks and Outdoors,Other Great Outdoors,,,,
153,293,40.714049,-73.949311,26729,Bagel Shop,2012-07-30 06:16:43+00:00,New York City,Dining and Drinking,Bagel Shop,,,,
154,293,40.70427317579925,-73.94809715465664,24503,Deli / Bodega,2012-07-30 06:29:52+00:00,New York City,Dining and Drinking,Restaurant,,,,
155,293,40.68648231409819,-73.93029028089428,20124,Miscellaneous Shop,2012-07-30 13:11:26+00:00,New York City,Retail,Miscellaneous Store,,,,
156,293,40.72648554606392,-74.00508876647187,35262,Office,2012-07-30 18:16:28+00:00,New York City,Dining and Drinking,Cafeteria,,,,
157,293,40.71505590186361,-73.9495034949479,1317,Bakery,2012-06-04 01:17:56+00:00,New York City,Dining and Drinking,Bakery,,,,
158,293,40.72648554606392,-74.00508876647187,35262,Office,2012-06-04 23:32:13+00:00,New York City,Dining and Drinking,Cafeteria,,,,
159,293,40.65016889724004,-73.94957542419434,21907,Neighborhood,2012-06-11 05:04:43+00:00,New York City,Landmarks and Outdoors,States and Municipalities,,,,
160,293,40.7140882616396,-73.94940591248245,24789,Other Great Outdoors,2012-06-11 05:06:25+00:00,New York City,Landmarks and Outdoors,Other Great Outdoors,,,,
161,293,40.68898174275213,-73.92964157923912,24249,General Travel,2012-06-11 16:47:40+00:00,New York City,Travel and Transportation,General Travel,,,,
162,293,40.68898174275213,-73.92964157923912,24249,General Travel,2012-06-11 16:48:47+00:00,New York City,Travel and Transportation,General Travel,,,,
163,293,40.72678506374359,-74.00346747445712,5959,Park,2012-06-11 17:31:17+00:00,New York City,Landmarks and Outdoors,Park,,,,
164,293,40.72692705548838,-74.0054904599932,2369,General Entertainment,2012-06-11 23:43:34+00:00,New York City,Arts and Entertainment,General Entertainment,,,,
165,293,40.72648554606392,-74.00508876647187,35262,Office,2012-06-11 23:43:55+00:00,New York City,Dining and Drinking,Cafeteria,,,,
166,293,40.65016889724004,-73.94957542419434,21907,Neighborhood,2012-06-18 04:57:47+00:00,New York City,Landmarks and Outdoors,States and Municipalities,,,,
167,293,40.7140882616396,-73.94940591248245,24789,Other Great Outdoors,2012-06-18 04:58:53+00:00,New York City,Landmarks and Outdoors,Other Great Outdoors,,,,
168,293,40.68898174275213,-73.92964157923912,24249,General Travel,2012-06-18 16:47:25+00:00,New York City,Travel and Transportation,General Travel,,,,
169,293,40.72678506374359,-74.00346747445712,5959,Park,2012-06-18 17:26:14+00:00,New York City,Landmarks and Outdoors,Park,,,,
170,293,40.72692705548838,-74.0054904599932,2369,General Entertainment,2012-06-18 17:33:46+00:00,New York City,Arts and Entertainment,General Entertainment,,,,
171,293,40.72648554606392,-74.00508876647187,35262,Office,2012-06-18 19:42:41+00:00,New York City,Dining and Drinking,Cafeteria,,,,
172,293,40.65016889724004,-73.94957542419434,21907,Neighborhood,2012-05-07 04:25:26+00:00,New York City,Landmarks and Outdoors,States and Municipalities,,,,
173,293,40.71430985040704,-73.94939443218914,24789,Other Great Outdoors,2012-05-07 04:26:08+00:00,New York City,Landmarks and Outdoors,Other Great Outdoors,,,,
174,293,40.688990291398014,-73.9302787994679,24249,General Travel,2012-05-07 16:37:03+00:00,New York City,Travel and Transportation,General Travel,,,,
175,293,40.688990291398014,-73.9302787994679,24249,General Travel,2012-05-07 16:37:32+00:00,New York City,Travel and Transportation,General Travel,,,,
176,293,40.72678506374359,-74.00346747445712,5959,Park,2012-05-07 17:21:36+00:00,New York City,Landmarks and Outdoors,Park,,,,
177,293,40.727035,-74.005569,10353,Paper / Office Supplies Store,2012-05-07 17:23:57+00:00,New York City,Retail,Office Supply Store,,,,
178,293,40.65016889724004,-73.94957542419434,21907,Neighborhood,2012-05-14 05:00:36+00:00,New York City,Landmarks and Outdoors,States and Municipalities,,,,
179,293,40.7140882616396,-73.94940591248245,24789,Other Great Outdoors,2012-05-14 05:01:54+00:00,New York City,Landmarks and Outdoors,Other Great Outdoors,,,,
180,293,40.68898174275213,-73.92964157923912,24249,General Travel,2012-05-14 16:35:19+00:00,New York City,Travel and Transportation,General Travel,,,,
181,293,40.72678506374359,-74.00346747445712,5959,Park,2012-05-14 17:19:05+00:00,New York City,Landmarks and Outdoors,Park,,,,
182,293,40.72692705548838,-74.0054904599932,2369,General Entertainment,2012-05-14 18:12:17+00:00,New York City,Arts and Entertainment,General Entertainment,,,,
183,293,40.72678506374359,-74.00346747445712,5959,Park,2012-05-21 17:28:00+00:00,New York City,Landmarks and Outdoors,Park,,,,
184,293,40.72692705548838,-74.0054904599932,2369,General Entertainment,2012-05-21 17:37:21+00:00,New York City,Arts and Entertainment,General Entertainment,,,,
185,293,40.77552917709761,-73.97142385887315,35777,Moving Target,2012-05-28 03:43:57+00:00,New York City,Travel and Transportation,Moving Target,,,,
186,293,40.65016889724004,-73.94957542419434,21907,Neighborhood,2012-05-28 04:55:22+00:00,New York City,Landmarks and Outdoors,States and Municipalities,,,,
187,293,40.7140882616396,-73.94940591248245,24789,Other Great Outdoors,2012-05-28 04:55:44+00:00,New York City,Landmarks and Outdoors,Other Great Outdoors,,,,
188,293,40.68898174275213,-73.92964157923912,24249,General Travel,2012-05-28 16:09:12+00:00,New York City,Travel and Transportation,General Travel,,,,
189,293,40.72678506374359,-74.00346747445712,5959,Park,2012-05-28 16:48:15+00:00,New York City,Landmarks and Outdoors,Park,,,,
190,293,40.727205,-74.003234,13759,Convenience Store,2012-05-28 17:03:08+00:00,New York City,Retail,Convenience Store,,,,
191,293,40.72678506374359,-74.00346747445712,5959,Park,2012-10-08 17:23:00+00:00,New York City,Landmarks and Outdoors,Park,,,,
192,293,40.72704803712337,-74.00345902982042,13759,Convenience Store,2012-10-08 17:24:33+00:00,New York City,Retail,Convenience Store,,,,
193,293,40.68914413452149,-73.9303207397461,36932,Deli / Bodega,2012-10-22 16:37:52+00:00,New York City,Dining and Drinking,Restaurant,,,,
194,293,40.68896799720544,-73.92899861616681,24249,General Travel,2012-10-22 16:39:32+00:00,New York City,Travel and Transportation,General Travel,,,,
195,293,40.72702212508501,-74.00527813637986,10353,Paper / Office Supplies Store,2012-10-22 20:41:52+00:00,New York City,Retail,Office Supply Store,,,,
196,293,40.72692705548838,-74.0054904599932,2369,General Entertainment,2012-10-22 20:45:15+00:00,New York City,Arts and Entertainment,General Entertainment,,,,
197,293,40.726347595238224,-74.00433702347331,3247,Diner,2012-10-22 23:55:49+00:00,New York City,Dining and Drinking,Restaurant,,,,
198,293,40.71430985040704,-73.94939443218914,24789,Other Great Outdoors,2012-04-07 00:14:39+00:00,New York City,Landmarks and Outdoors,Other Great Outdoors,,,,
199,293,40.71595073760232,-73.94959533722336,24873,Smoke Shop,2012-04-07 00:15:58+00:00,New York City,Retail,Smoke Shop,,,,
200,293,40.68992381511788,-73.93642126549656,29066,American Restaurant,2012-04-07 20:56:31+00:00,New York City,Dining and Drinking,Restaurant,,,,
201,293,40.70408637926169,-73.9480799340999,30488,General Travel,2012-04-07 23:33:21+00:00,New York City,Travel and Transportation,General Travel,,,,
202,293,40.71430985040704,-73.94939443218914,24789,Other Great Outdoors,2012-04-07 23:50:39+00:00,New York City,Landmarks and Outdoors,Other Great Outdoors,,,,
203,293,40.65016889724004,-73.94957542419434,21907,Neighborhood,2012-04-07 23:52:25+00:00,New York City,Landmarks and Outdoors,States and Municipalities,,,,
204,293,40.71595073760232,-73.94959533722336,24873,Smoke Shop,2012-04-07 23:53:26+00:00,New York City,Retail,Smoke Shop,,,,
205,293,40.70408637926169,-73.9480799340999,30488,General Travel,2012-04-14 01:21:09+00:00,New York City,Travel and Transportation,General Travel,,,,
206,293,40.71430985040704,-73.94939443218914,24789,Other Great Outdoors,2012-04-14 01:28:50+00:00,New York City,Landmarks and Outdoors,Other Great Outdoors,,,,
207,293,40.65016889724004,-73.94957542419434,21907,Neighborhood,2012-04-14 01:30:55+00:00,New York City,Landmarks and Outdoors,States and Municipalities,,,,
208,293,40.71595073760232,-73.94959533722336,24873,Smoke Shop,2012-04-14 01:32:38+00:00,New York City,Retail,Smoke Shop,,,,
209,293,40.690468,-73.923719,25406,Miscellaneous Shop,2012-04-14 19:18:38+00:00,New York City,Retail,Miscellaneous Store,,,,
210,293,40.68900261661789,-73.9290847274161,24249,General Travel,2012-04-14 20:00:30+00:00,New York City,Travel and Transportation,General Travel,,,,
211,293,40.69922230781515,-73.93933743356806,11160,Southern / Soul Food Restaurant,2012-04-14 20:19:26+00:00,New York City,Dining and Drinking,Restaurant,,,,
212,293,40.704112154316725,-73.94863673132467,24503,Deli / Bodega,2012-04-14 20:37:51+00:00,New York City,Dining and Drinking,Restaurant,,,,
213,293,40.71430985040704,-73.94939443218914,24789,Other Great Outdoors,2012-04-14 20:43:37+00:00,New York City,Landmarks and Outdoors,Other Great Outdoors,,,,
214,293,40.65016889724004,-73.94957542419434,21907,Neighborhood,2012-04-14 20:46:41+00:00,New York City,Landmarks and Outdoors,States and Municipalities,,,,
215,293,40.71595073760232,-73.94959533722336,24873,Smoke Shop,2012-04-14 20:47:56+00:00,New York City,Retail,Smoke Shop,,,,
216,293,40.71595073760232,-73.94959533722336,24873,Smoke Shop,2012-04-21 17:44:30+00:00,New York City,Retail,Smoke Shop,,,,
217,293,40.71430985040704,-73.94939443218914,24789,Other Great Outdoors,2012-04-28 00:14:37+00:00,New York City,Landmarks and Outdoors,Other Great Outdoors,,,,
218,293,40.65016889724004,-73.94957542419434,21907,Neighborhood,2012-04-28 00:15:04+00:00,New York City,Landmarks and Outdoors,States and Municipalities,,,,
219,293,40.71595073760232,-73.94959533722336,24873,Smoke Shop,2012-04-28 00:15:50+00:00,New York City,Retail,Smoke Shop,,,,
220,293,40.65016889724004,-73.94957542419434,21907,Neighborhood,2012-04-28 09:41:40+00:00,New York City,Landmarks and Outdoors,States and Municipalities,,,,
221,293,40.71430985040704,-73.94939443218914,24789,Other Great Outdoors,2012-04-28 09:42:22+00:00,New York City,Landmarks and Outdoors,Other Great Outdoors,,,,
222,293,40.68908686839873,-73.93024435518471,24249,General Travel,2012-04-28 21:46:58+00:00,New York City,Travel and Transportation,General Travel,,,,
223,293,40.70408637926169,-73.9480799340999,30488,General Travel,2012-04-28 22:19:26+00:00,New York City,Travel and Transportation,General Travel,,,,
224,293,40.711258577944015,-73.94843582529441,8086,Food & Drink Shop,2012-04-28 22:29:28+00:00,New York City,Retail,Food and Beverage Retail,,,,
225,293,40.71430985040704,-73.94939443218914,24789,Other Great Outdoors,2012-04-28 22:32:41+00:00,New York City,Landmarks and Outdoors,Other Great Outdoors,,,,
226,293,40.65016889724004,-73.94957542419434,21907,Neighborhood,2012-04-28 22:33:00+00:00,New York City,Landmarks and Outdoors,States and Municipalities,,,,
227,293,40.726347595238224,-74.00433702347331,3247,Diner,2012-08-11 00:14:54+00:00,New York City,Dining and Drinking,Restaurant,,,,
228,293,40.71505590186361,-73.9495034949479,1317,Bakery,2012-08-11 00:41:59+00:00,New York City,Dining and Drinking,Bakery,,,,
229,293,40.71532844619961,-73.94954367594879,36564,General Travel,2012-08-11 06:08:03+00:00,New York City,Travel and Transportation,General Travel,,,,
230,293,40.70427317579925,-73.94809715465664,24503,Deli / Bodega,2012-08-11 06:26:33+00:00,New York City,Dining and Drinking,Restaurant,,,,
231,293,40.68990012489897,-73.93075527809141,26212,Chinese Restaurant,2012-08-11 16:24:29+00:00,New York City,Dining and Drinking,Restaurant,,,,
232,293,40.68896799720544,-73.92899861616681,24249,General Travel,2012-08-11 16:38:31+00:00,New York City,Travel and Transportation,General Travel,,,,
233,293,40.6845107737926,-73.97686958312988,11033,Electronics Store,2012-08-11 17:22:15+00:00,New York City,Retail,Computers and Electronics Retail,,,,
234,293,40.73722926651037,-73.9902656863517,7738,Electronics Store,2012-08-11 18:23:20+00:00,New York City,Retail,Computers and Electronics Retail,,,,
235,293,40.71416030830439,-73.94938295189516,8491,Pizza Place,2012-08-11 20:23:56+00:00,New York City,Dining and Drinking,Restaurant,,,,
236,293,40.71505590186361,-73.9495034949479,1317,Bakery,2012-08-11 20:25:16+00:00,New York City,Dining and Drinking,Bakery,,,,
237,293,40.719107,-73.945468,3903,Pizza Place,2012-08-11 23:11:42+00:00,New York City,Dining and Drinking,Restaurant,,,,
238,293,40.72692705548838,-74.0054904599932,2369,General Entertainment,2012-08-18 00:02:12+00:00,New York City,Arts and Entertainment,General Entertainment,,,,
239,293,40.72648554606392,-74.00508876647187,35262,Office,2012-08-18 00:02:55+00:00,New York City,Dining and Drinking,Cafeteria,,,,
240,293,40.726347595238224,-74.00433702347331,3247,Diner,2012-08-18 00:12:11+00:00,New York City,Dining and Drinking,Restaurant,,,,
241,293,40.71416030830439,-73.94938295189516,8491,Pizza Place,2012-08-18 00:39:48+00:00,New York City,Dining and Drinking,Restaurant,,,,
242,293,40.71505590186361,-73.9495034949479,1317,Bakery,2012-08-18 00:40:44+00:00,New York City,Dining and Drinking,Bakery,,,,
243,293,40.716069008205125,-73.9497388406914,14297,Deli / Bodega,2012-08-18 01:01:28+00:00,New York City,Dining and Drinking,Restaurant,,,,
244,293,40.71532844619961,-73.94954367594879,36564,General Travel,2012-08-18 09:08:02+00:00,New York City,Travel and Transportation,General Travel,,,,
245,293,40.71532844619961,-73.94954367594879,36564,General Travel,2012-08-18 09:08:35+00:00,New York City,Travel and Transportation,General Travel,,,,
246,293,40.70427317579925,-73.94809715465664,24503,Deli / Bodega,2012-08-18 09:21:09+00:00,New York City,Dining and Drinking,Restaurant,,,,
247,293,40.68927817624841,-73.92219543457031,11105,Drugstore / Pharmacy,2012-08-18 20:17:36+00:00,New York City,Retail,Pharmacy,,,,
248,293,40.68984283234376,-73.924009839255,16619,Bank,2012-08-18 20:22:46+00:00,New York City,Business and Professional Services,Financial Service,,,,
249,293,40.68950405648364,-73.92209811057555,29717,Electronics Store,2012-08-18 20:38:20+00:00,New York City,Retail,Computers and Electronics Retail,,,,
250,293,40.68800062153141,-73.93565203274584,36995,General Travel,2012-08-18 21:51:20+00:00,New York City,Travel and Transportation,General Travel,,,,
251,293,40.72678506374359,-74.00346747445712,5959,Park,2012-07-07 00:17:08+00:00,New York City,Landmarks and Outdoors,Park,,,,
252,293,40.726901990216966,-74.00327539665169,18829,Deli / Bodega,2012-07-07 00:17:48+00:00,New York City,Dining and Drinking,Restaurant,,,,
253,293,40.72174947635632,-73.99350815375443,34164,Other Great Outdoors,2012-07-07 00:27:16+00:00,New York City,Landmarks and Outdoors,Other Great Outdoors,,,,
254,293,40.71416030830439,-73.94938295189516,8491,Pizza Place,2012-07-07 00:43:19+00:00,New York City,Dining and Drinking,Restaurant,,,,
255,293,40.71505590186361,-73.9495034949479,1317,Bakery,2012-07-07 00:44:39+00:00,New York City,Dining and Drinking,Bakery,,,,
256,293,40.71595073760232,-73.94959533722336,24873,Smoke Shop,2012-07-07 00:47:03+00:00,New York City,Retail,Smoke Shop,,,,
257,293,40.7140882616396,-73.94940591248245,24789,Other Great Outdoors,2012-07-07 06:14:18+00:00,New York City,Landmarks and Outdoors,Other Great Outdoors,,,,
258,293,40.714049,-73.949311,26729,Bagel Shop,2012-07-07 06:15:06+00:00,New York City,Dining and Drinking,Bagel Shop,,,,
259,293,40.69054151282002,-73.93374615934772,28351,Laundry Service,2012-07-07 17:34:43+00:00,New York City,Business and Professional Services,Laundry Service,,,,
260,293,40.69050658427037,-73.933539497251,27700,Deli / Bodega,2012-07-07 17:35:26+00:00,New York City,Dining and Drinking,Restaurant,,,,
261,293,40.68927817624841,-73.92219543457031,11105,Drugstore / Pharmacy,2012-07-07 19:01:03+00:00,New York City,Retail,Pharmacy,,,,
262,293,40.68896799720544,-73.92899861616681,24249,General Travel,2012-07-07 22:33:29+00:00,New York City,Travel and Transportation,General Travel,,,,
263,293,40.70427317579925,-73.94809715465664,24503,Deli / Bodega,2012-07-07 22:52:28+00:00,New York City,Dining and Drinking,Restaurant,,,,
264,293,40.714049,-73.949311,26729,Bagel Shop,2012-07-07 23:04:16+00:00,New York City,Dining and Drinking,Bagel Shop,,,,
265,293,40.71416030830439,-73.94938295189516,8491,Pizza Place,2012-07-07 23:05:18+00:00,New York City,Dining and Drinking,Restaurant,,,,
266,293,40.71595073760232,-73.94959533722336,24873,Smoke Shop,2012-07-07 23:10:14+00:00,New York City,Retail,Smoke Shop,,,,
267,293,40.726347595238224,-74.00433702347331,3247,Diner,2012-07-14 00:00:06+00:00,New York City,Dining and Drinking,Restaurant,,,,
268,293,40.75714063260104,-73.96696996199624,10031,Smoke Shop,2012-07-14 00:29:24+00:00,New York City,Retail,Smoke Shop,,,,
269,293,40.65016889724004,-73.94957542419434,21907,Neighborhood,2012-07-14 05:30:45+00:00,New York City,Landmarks and Outdoors,States and Municipalities,,,,
270,293,40.71595073760232,-73.94959533722336,24873,Smoke Shop,2012-07-14 05:31:13+00:00,New York City,Retail,Smoke Shop,,,,
271,293,40.7140882616396,-73.94940591248245,24789,Other Great Outdoors,2012-07-14 07:12:45+00:00,New York City,Landmarks and Outdoors,Other Great Outdoors,,,,
272,293,40.65016889724004,-73.94957542419434,21907,Neighborhood,2012-07-14 07:13:44+00:00,New York City,Landmarks and Outdoors,States and Municipalities,,,,
273,293,40.714049,-73.949311,26729,Bagel Shop,2012-07-14 07:14:49+00:00,New York City,Dining and Drinking,Bagel Shop,,,,
274,293,40.70633605501917,-73.94754035587833,12852,Park,2012-07-14 07:26:04+00:00,New York City,Landmarks and Outdoors,Park,,,,
275,293,40.70427317579925,-73.94809715465664,24503,Deli / Bodega,2012-07-14 07:27:04+00:00,New York City,Dining and Drinking,Restaurant,,,,
276,293,40.756773,-73.967124,4432,Bar,2012-07-21 00:43:26+00:00,New York City,Dining and Drinking,Bar,,,,
277,293,40.75714063260104,-73.96696996199624,10031,Smoke Shop,2012-07-21 00:44:34+00:00,New York City,Retail,Smoke Shop,,,,
278,293,40.71595073760232,-73.94959533722336,24873,Smoke Shop,2012-07-28 05:35:29+00:00,New York City,Retail,Smoke Shop,,,,
279,293,40.68898174275213,-73.92964157923912,24249,General Travel,2012-06-02 23:39:14+00:00,New York City,Travel and Transportation,General Travel,,,,
280,293,40.75714063260104,-73.96696996199624,10031,Smoke Shop,2012-06-09 00:16:21+00:00,New York City,Retail,Smoke Shop,,,,
281,293,40.65016889724004,-73.94957542419434,21907,Neighborhood,2012-06-09 02:34:35+00:00,New York City,Landmarks and Outdoors,States and Municipalities,,,,
282,293,40.71595073760232,-73.94959533722336,24873,Smoke Shop,2012-06-09 02:35:44+00:00,New York City,Retail,Smoke Shop,,,,
283,293,40.69054151282002,-73.93374615934772,28351,Laundry Service,2012-06-09 15:44:56+00:00,New York City,Business and Professional Services,Laundry Service,,,,
284,293,40.69050658427037,-73.933539497251,27700,Deli / Bodega,2012-06-09 17:58:28+00:00,New York City,Dining and Drinking,Restaurant,,,,
285,293,40.68648231409819,-73.93029028089428,20124,Miscellaneous Shop,2012-06-09 21:24:36+00:00,New York City,Retail,Miscellaneous Store,,,,
286,293,40.65016889724004,-73.94957542419434,21907,Neighborhood,2012-06-09 22:06:06+00:00,New York City,Landmarks and Outdoors,States and Municipalities,,,,
287,293,40.71595073760232,-73.94959533722336,24873,Smoke Shop,2012-06-09 22:06:44+00:00,New York City,Retail,Smoke Shop,,,,
288,293,40.80070777919297,-73.95825127574912,9783,Plaza,2012-06-16 20:03:49+00:00,New York City,Landmarks and Outdoors,Plaza,,,,
289,293,40.7140882616396,-73.94940591248245,24789,Other Great Outdoors,2012-06-16 20:57:11+00:00,New York City,Landmarks and Outdoors,Other Great Outdoors,,,,
290,293,40.71595073760232,-73.94959533722336,24873,Smoke Shop,2012-06-16 20:59:14+00:00,New York City,Retail,Smoke Shop,,,,
291,293,40.68990012489897,-73.93075527809141,26212,Chinese Restaurant,2012-06-30 22:58:49+00:00,New York City,Dining and Drinking,Restaurant,,,,
292,293,40.68898174275213,-73.92964157923912,24249,General Travel,2012-06-30 23:02:52+00:00,New York City,Travel and Transportation,General Travel,,,,
293,293,40.69677841595902,-73.93549919128418,12366,Coffee Shop,2012-06-30 23:12:29+00:00,New York City,Dining and Drinking,"Cafe, Coffee, and Tea House",,,,
294,293,40.69922230781515,-73.93933743356806,11160,Southern / Soul Food Restaurant,2012-06-30 23:18:18+00:00,New York City,Dining and Drinking,Restaurant,,,,
295,293,40.70072678937407,-73.94124899236242,7700,Drugstore / Pharmacy,2012-06-30 23:19:28+00:00,New York City,Retail,Pharmacy,,,,
296,293,40.70408637926169,-73.9480799340999,30488,General Travel,2012-06-30 23:27:33+00:00,New York City,Travel and Transportation,General Travel,,,,
297,293,40.7140882616396,-73.94940591248245,24789,Other Great Outdoors,2012-06-30 23:28:29+00:00,New York City,Landmarks and Outdoors,Other Great Outdoors,,,,
298,293,40.65016889724004,-73.94957542419434,21907,Neighborhood,2012-06-30 23:29:24+00:00,New York City,Landmarks and Outdoors,States and Municipalities,,,,
299,293,40.714049,-73.949311,26729,Bagel Shop,2012-06-30 23:30:37+00:00,New York City,Dining and Drinking,Bagel Shop,,,,
300,293,40.71416030830439,-73.94938295189516,8491,Pizza Place,2012-06-30 23:31:34+00:00,New York City,Dining and Drinking,Restaurant,,,,
301,293,40.71595073760232,-73.94959533722336,24873,Smoke Shop,2012-06-30 23:37:59+00:00,New York City,Retail,Smoke Shop,,,,
302,293,40.75714063260104,-73.96696996199624,10031,Smoke Shop,2012-05-05 00:42:51+00:00,New York City,Retail,Smoke Shop,,,,
303,293,40.756773841568446,-73.96724546375982,5142,Drugstore / Pharmacy,2012-05-05 03:27:26+00:00,New York City,Retail,Pharmacy,,,,
304,293,40.75714063260104,-73.96696996199624,10031,Smoke Shop,2012-05-05 03:33:46+00:00,New York City,Retail,Smoke Shop,,,,
305,293,40.71595073760232,-73.94959533722336,24873,Smoke Shop,2012-05-05 06:14:40+00:00,New York City,Retail,Smoke Shop,,,,
306,293,40.65016889724004,-73.94957542419434,21907,Neighborhood,2012-05-05 06:17:44+00:00,New York City,Landmarks and Outdoors,States and Municipalities,,,,
307,293,40.71430985040704,-73.94939443218914,24789,Other Great Outdoors,2012-05-05 06:18:06+00:00,New York City,Landmarks and Outdoors,Other Great Outdoors,,,,
308,293,40.68876325869754,-73.93024435518471,24249,General Travel,2012-05-05 22:26:05+00:00,New York City,Travel and Transportation,General Travel,,,,
309,293,40.70633605501917,-73.94754035587833,12852,Park,2012-05-05 22:47:54+00:00,New York City,Landmarks and Outdoors,Park,,,,
310,293,40.70408637926169,-73.9480799340999,30488,General Travel,2012-05-05 23:02:41+00:00,New York City,Travel and Transportation,General Travel,,,,
311,293,40.71430985040704,-73.94939443218914,24789,Other Great Outdoors,2012-05-05 23:05:48+00:00,New York City,Landmarks and Outdoors,Other Great Outdoors,,,,
312,293,40.714464086511576,-73.9991158246994,191,Chinese Restaurant,2012-05-12 06:55:24+00:00,New York City,Dining and Drinking,Restaurant,,,,
313,293,40.71595073760232,-73.94959533722336,24873,Smoke Shop,2012-05-12 07:47:30+00:00,New York City,Retail,Smoke Shop,,,,
314,293,40.65016889724004,-73.94957542419434,21907,Neighborhood,2012-05-12 07:50:46+00:00,New York City,Landmarks and Outdoors,States and Municipalities,,,,
315,293,40.7140882616396,-73.94940591248245,24789,Other Great Outdoors,2012-05-12 07:51:01+00:00,New York City,Landmarks and Outdoors,Other Great Outdoors,,,,
316,293,40.68898174275213,-73.92964157923912,24249,General Travel,2012-05-12 20:48:45+00:00,New York City,Travel and Transportation,General Travel,,,,
317,293,40.70089722688214,-73.94211004871822,11852,Bank,2012-05-12 21:02:38+00:00,New York City,Business and Professional Services,Financial Service,,,,
318,293,40.70408637926169,-73.9480799340999,30488,General Travel,2012-05-12 21:12:05+00:00,New York City,Travel and Transportation,General Travel,,,,
319,293,40.7140882616396,-73.94940591248245,24789,Other Great Outdoors,2012-05-12 21:18:51+00:00,New York City,Landmarks and Outdoors,Other Great Outdoors,,,,
320,293,40.65016889724004,-73.94957542419434,21907,Neighborhood,2012-05-12 21:20:38+00:00,New York City,Landmarks and Outdoors,States and Municipalities,,,,
321,293,40.71559176749147,-73.94962403792549,30920,Deli / Bodega,2012-05-12 22:58:36+00:00,New York City,Dining and Drinking,Restaurant,,,,
322,293,40.65016889724004,-73.94957542419434,21907,Neighborhood,2012-05-19 00:24:46+00:00,New York City,Landmarks and Outdoors,States and Municipalities,,,,
323,293,40.71595073760232,-73.94959533722336,24873,Smoke Shop,2012-05-19 00:26:02+00:00,New York City,Retail,Smoke Shop,,,,
324,293,40.65016889724004,-73.94957542419434,21907,Neighborhood,2012-05-19 09:19:21+00:00,New York City,Landmarks and Outdoors,States and Municipalities,,,,
325,293,40.7140882616396,-73.94940591248245,24789,Other Great Outdoors,2012-05-19 09:19:56+00:00,New York City,Landmarks and Outdoors,Other Great Outdoors,,,,
326,293,40.68898174275213,-73.92964157923912,24249,General Travel,2012-05-19 22:07:39+00:00,New York City,Travel and Transportation,General Travel,,,,
327,293,40.70408637926169,-73.9480799340999,30488,General Travel,2012-05-19 22:36:51+00:00,New York City,Travel and Transportation,General Travel,,,,
328,293,40.7140882616396,-73.94940591248245,24789,Other Great Outdoors,2012-05-26 00:12:20+00:00,New York City,Landmarks and Outdoors,Other Great Outdoors,,,,
329,293,40.65016889724004,-73.94957542419434,21907,Neighborhood,2012-05-26 00:13:51+00:00,New York City,Landmarks and Outdoors,States and Municipalities,,,,
330,293,40.71559176749147,-73.94962403792549,30920,Deli / Bodega,2012-05-26 00:15:04+00:00,New York City,Dining and Drinking,Restaurant,,,,
331,293,40.71595073760232,-73.94959533722336,24873,Smoke Shop,2012-05-26 01:07:34+00:00,New York City,Retail,Smoke Shop,,,,
332,293,40.65016889724004,-73.94957542419434,21907,Neighborhood,2012-05-26 05:08:59+00:00,New York City,Landmarks and Outdoors,States and Municipalities,,,,
333,293,40.7140882616396,-73.94940591248245,24789,Other Great Outdoors,2012-05-26 05:09:37+00:00,New York City,Landmarks and Outdoors,Other Great Outdoors,,,,
334,293,40.7140882616396,-73.94940591248245,24789,Other Great Outdoors,2012-10-13 07:08:58+00:00,New York City,Landmarks and Outdoors,Other Great Outdoors,,,,
335,293,40.714049,-73.949311,26729,Bagel Shop,2012-10-13 07:10:02+00:00,New York City,Dining and Drinking,Bagel Shop,,,,
336,293,40.70427317579925,-73.94809715465664,24503,Deli / Bodega,2012-10-13 07:25:15+00:00,New York City,Dining and Drinking,Restaurant,,,,
337,293,40.70427839194181,-73.94789624806582,37337,General Travel,2012-10-13 07:31:38+00:00,New York City,Travel and Transportation,General Travel,,,,
338,293,40.71430292374222,-73.94942887306698,24789,Other Great Outdoors,2012-10-27 06:00:25+00:00,New York City,Landmarks and Outdoors,Other Great Outdoors,,,,
339,293,40.71532844619961,-73.94954367594879,36564,General Travel,2012-10-27 06:01:03+00:00,New York City,Travel and Transportation,General Travel,,,,
340,293,40.71532844619961,-73.94954367594879,36564,General Travel,2012-10-27 06:01:36+00:00,New York City,Travel and Transportation,General Travel,,,,
341,293,40.70427317579925,-73.94809715465664,24503,Deli / Bodega,2012-10-27 06:16:39+00:00,New York City,Dining and Drinking,Restaurant,,,,
342,293,40.70427839194181,-73.94789624806582,37337,General Travel,2012-10-27 06:36:37+00:00,New York City,Travel and Transportation,General Travel,,,,
343,293,40.69050658427037,-73.933539497251,27700,Deli / Bodega,2012-10-27 15:42:22+00:00,New York City,Dining and Drinking,Restaurant,,,,
344,293,40.68896799720544,-73.92899861616681,24249,General Travel,2012-10-27 17:36:19+00:00,New York City,Travel and Transportation,General Travel,,,,
345,293,40.68904527212705,-73.93031898445723,37312,Convenience Store,2012-10-27 21:40:01+00:00,New York City,Retail,Convenience Store,,,,
346,293,40.68896799720544,-73.92899861616681,24249,General Travel,2012-10-27 21:42:49+00:00,New York City,Travel and Transportation,General Travel,,,,
347,293,40.71430292374222,-73.94942887306698,24789,Other Great Outdoors,2012-10-27 22:08:35+00:00,New York City,Landmarks and Outdoors,Other Great Outdoors,,,,
348,293,40.716069008205125,-73.9497388406914,14297,Deli / Bodega,2012-10-27 22:18:02+00:00,New York City,Dining and Drinking,Restaurant,,,,
349,293,40.726347595238224,-74.00433702347331,3247,Diner,2012-09-15 00:12:20+00:00,New York City,Dining and Drinking,Restaurant,,,,
350,293,40.7140882616396,-73.94940591248245,24789,Other Great Outdoors,2012-09-15 00:40:39+00:00,New York City,Landmarks and Outdoors,Other Great Outdoors,,,,
351,293,40.71416030830439,-73.94938295189516,8491,Pizza Place,2012-09-15 00:41:26+00:00,New York City,Dining and Drinking,Restaurant,,,,
352,293,40.71505590186361,-73.9495034949479,1317,Bakery,2012-09-15 00:41:59+00:00,New York City,Dining and Drinking,Bakery,,,,
353,293,40.716069008205125,-73.9497388406914,14297,Deli / Bodega,2012-09-15 00:42:30+00:00,New York City,Dining and Drinking,Restaurant,,,,
354,293,40.7140882616396,-73.94940591248245,24789,Other Great Outdoors,2012-09-15 06:13:37+00:00,New York City,Landmarks and Outdoors,Other Great Outdoors,,,,
355,293,40.714049,-73.949311,26729,Bagel Shop,2012-09-15 06:14:30+00:00,New York City,Dining and Drinking,Bagel Shop,,,,
356,293,40.70427317579925,-73.94809715465664,24503,Deli / Bodega,2012-09-15 06:27:25+00:00,New York City,Dining and Drinking,Restaurant,,,,
357,293,40.69050658427037,-73.933539497251,27700,Deli / Bodega,2012-09-15 16:33:25+00:00,New York City,Dining and Drinking,Restaurant,,,,
358,293,40.69054151282002,-73.93374615934772,28351,Laundry Service,2012-09-15 16:39:27+00:00,New York City,Business and Professional Services,Laundry Service,,,,
359,293,40.68896799720544,-73.92899861616681,24249,General Travel,2012-09-15 20:22:03+00:00,New York City,Travel and Transportation,General Travel,,,,
360,293,40.70089722688214,-73.94211004871822,11852,Bank,2012-09-15 20:26:16+00:00,New York City,Business and Professional Services,Financial Service,,,,
361,293,40.70065837046107,-73.94138102125218,7700,Drugstore / Pharmacy,2012-09-15 20:32:09+00:00,New York City,Retail,Pharmacy,,,,
362,293,40.70427317579925,-73.94809715465664,24503,Deli / Bodega,2012-09-15 20:39:06+00:00,New York City,Dining and Drinking,Restaurant,,,,
363,293,40.70408637926169,-73.9480799340999,30488,General Travel,2012-09-15 20:47:08+00:00,New York City,Travel and Transportation,General Travel,,,,
364,293,40.7140882616396,-73.94940591248245,24789,Other Great Outdoors,2012-09-15 20:55:49+00:00,New York City,Landmarks and Outdoors,Other Great Outdoors,,,,
365,293,40.71416030830439,-73.94938295189516,8491,Pizza Place,2012-09-15 20:56:40+00:00,New York City,Dining and Drinking,Restaurant,,,,
366,293,40.71505590186361,-73.9495034949479,1317,Bakery,2012-09-15 20:57:49+00:00,New York City,Dining and Drinking,Bakery,,,,
367,293,40.71595073760232,-73.94959533722336,24873,Smoke Shop,2012-09-15 21:58:00+00:00,New York City,Retail,Smoke Shop,,,,
368,293,40.73635582024316,-74.02912002984051,16184,Smoke Shop,2012-09-15 22:41:13+00:00,New York City,Retail,Smoke Shop,,,,
369,293,40.71430985040704,-73.94939443218914,24789,Other Great Outdoors,2012-04-08 07:40:42+00:00,New York City,Landmarks and Outdoors,Other Great Outdoors,,,,
370,293,40.65016889724004,-73.94957542419434,21907,Neighborhood,2012-04-08 07:41:35+00:00,New York City,Landmarks and Outdoors,States and Municipalities,,,,
371,293,40.73939794092962,-73.99320973426613,26195,General Entertainment,2012-04-08 19:31:22+00:00,New York City,Arts and Entertainment,General Entertainment,,,,
372,293,40.690652,-73.92427,11278,Food & Drink Shop,2012-04-15 19:54:59+00:00,New York City,Retail,Food and Beverage Retail,,,,
373,293,40.69027455119438,-73.92338408028661,26992,Miscellaneous Shop,2012-04-15 20:06:22+00:00,New York City,Retail,Miscellaneous Store,,,,
374,293,40.70408637926169,-73.9480799340999,30488,General Travel,2012-04-15 20:16:54+00:00,New York City,Travel and Transportation,General Travel,,,,
375,293,40.71430985040704,-73.94939443218914,24789,Other Great Outdoors,2012-04-15 20:21:06+00:00,New York City,Landmarks and Outdoors,Other Great Outdoors,,,,
376,293,40.71362368518315,-73.94971014000632,1031,Bar,2012-04-15 20:23:44+00:00,New York City,Dining and Drinking,Bar,,,,
377,293,40.71595073760232,-73.94959533722336,24873,Smoke Shop,2012-04-15 20:26:07+00:00,New York City,Retail,Smoke Shop,,,,
378,293,40.716069008205125,-73.9497388406914,14297,Deli / Bodega,2012-04-22 01:52:57+00:00,New York City,Dining and Drinking,Restaurant,,,,
379,293,40.71595073760232,-73.94959533722336,24873,Smoke Shop,2012-04-22 01:53:20+00:00,New York City,Retail,Smoke Shop,,,,
380,293,40.65016889724004,-73.94957542419434,21907,Neighborhood,2012-04-22 05:37:09+00:00,New York City,Landmarks and Outdoors,States and Municipalities,,,,
381,293,40.71430985040704,-73.94939443218914,24789,Other Great Outdoors,2012-04-22 05:37:50+00:00,New York City,Landmarks and Outdoors,Other Great Outdoors,,,,
382,293,40.70408637926169,-73.9480799340999,30488,General Travel,2012-04-22 22:37:25+00:00,New York City,Travel and Transportation,General Travel,,,,
383,293,40.71430985040704,-73.94939443218914,24789,Other Great Outdoors,2012-04-22 22:43:31+00:00,New York City,Landmarks and Outdoors,Other Great Outdoors,,,,
384,293,40.65016889724004,-73.94957542419434,21907,Neighborhood,2012-04-22 22:44:25+00:00,New York City,Landmarks and Outdoors,States and Municipalities,,,,
385,293,40.71595073760232,-73.94959533722336,24873,Smoke Shop,2012-04-22 22:49:40+00:00,New York City,Retail,Smoke Shop,,,,
386,293,40.716069008205125,-73.9497388406914,14297,Deli / Bodega,2012-04-22 23:26:42+00:00,New York City,Dining and Drinking,Restaurant,,,,
387,293,40.81780414338999,-73.85728597640991,34966,Other Great Outdoors,2012-04-22 23:30:59+00:00,New York City,Landmarks and Outdoors,Other Great Outdoors,,,,
388,293,40.65016889724004,-73.94957542419434,21907,Neighborhood,2012-04-29 06:13:41+00:00,New York City,Landmarks and Outdoors,States and Municipalities,,,,
389,293,40.71430985040704,-73.94939443218914,24789,Other Great Outdoors,2012-04-29 06:14:34+00:00,New York City,Landmarks and Outdoors,Other Great Outdoors,,,,
390,293,40.68908686839873,-73.93024435518471,24249,General Travel,2012-04-29 19:29:47+00:00,New York City,Travel and Transportation,General Travel,,,,
391,293,40.70408637926169,-73.9480799340999,30488,General Travel,2012-04-29 19:57:54+00:00,New York City,Travel and Transportation,General Travel,,,,
392,293,40.65016889724004,-73.94957542419434,21907,Neighborhood,2012-04-29 20:17:22+00:00,New York City,Landmarks and Outdoors,States and Municipalities,,,,
393,293,40.71595073760232,-73.94959533722336,24873,Smoke Shop,2012-04-29 20:53:55+00:00,New York City,Retail,Smoke Shop,,,,
394,293,40.68896799720544,-73.92899861616681,24249,General Travel,2012-08-05 14:47:19+00:00,New York City,Travel and Transportation,General Travel,,,,
395,293,40.68896799720544,-73.92899861616681,24249,General Travel,2012-08-05 14:47:43+00:00,New York City,Travel and Transportation,General Travel,,,,
396,293,40.66879058993659,-73.91670153777805,25034,Food & Drink Shop,2012-08-05 15:01:08+00:00,New York City,Retail,Food and Beverage Retail,,,,
397,293,40.69050658427037,-73.933539497251,27700,Deli / Bodega,2012-08-05 18:18:06+00:00,New York City,Dining and Drinking,Restaurant,,,,
398,293,40.69054151282002,-73.93374615934772,28351,Laundry Service,2012-08-05 18:18:51+00:00,New York City,Business and Professional Services,Laundry Service,,,,
399,293,40.68990012489897,-73.93075527809141,26212,Chinese Restaurant,2012-08-05 23:35:36+00:00,New York City,Dining and Drinking,Restaurant,,,,
400,293,40.68896799720544,-73.92899861616681,24249,General Travel,2012-08-05 23:46:19+00:00,New York City,Travel and Transportation,General Travel,,,,
401,293,40.71595073760232,-73.94959533722336,24873,Smoke Shop,2012-08-12 04:28:38+00:00,New York City,Retail,Smoke Shop,,,,
402,293,40.71532844619961,-73.94954367594879,36564,General Travel,2012-08-12 08:20:06+00:00,New York City,Travel and Transportation,General Travel,,,,
403,293,40.70427317579925,-73.94809715465664,24503,Deli / Bodega,2012-08-12 08:26:49+00:00,New York City,Dining and Drinking,Restaurant,,,,
404,293,40.68648231409819,-73.93029028089428,20124,Miscellaneous Shop,2012-08-12 21:30:16+00:00,New York City,Retail,Miscellaneous Store,,,,
405,293,40.70427317579925,-73.94809715465664,24503,Deli / Bodega,2012-08-12 22:20:53+00:00,New York City,Dining and Drinking,Restaurant,,,,
406,293,40.70408637926169,-73.9480799340999,30488,General Travel,2012-08-12 22:23:48+00:00,New York City,Travel and Transportation,General Travel,,,,
407,293,40.7140882616396,-73.94940591248245,24789,Other Great Outdoors,2012-08-12 22:37:46+00:00,New York City,Landmarks and Outdoors,Other Great Outdoors,,,,
408,293,40.68648231409819,-73.93029028089428,20124,Miscellaneous Shop,2012-08-19 15:50:31+00:00,New York City,Retail,Miscellaneous Store,,,,
409,293,40.68990012489897,-73.93075527809141,26212,Chinese Restaurant,2012-08-19 16:44:48+00:00,New York City,Dining and Drinking,Restaurant,,,,
410,293,40.68914413452149,-73.9303207397461,36932,Deli / Bodega,2012-08-19 16:48:10+00:00,New York City,Dining and Drinking,Restaurant,,,,
411,293,40.68896799720544,-73.92899861616681,24249,General Travel,2012-08-19 16:49:20+00:00,New York City,Travel and Transportation,General Travel,,,,
412,293,40.68896799720544,-73.92899861616681,24249,General Travel,2012-08-19 16:50:01+00:00,New York City,Travel and Transportation,General Travel,,,,
413,293,40.70427317579925,-73.94809715465664,24503,Deli / Bodega,2012-08-19 17:01:09+00:00,New York City,Dining and Drinking,Restaurant,,,,
414,293,40.71416030830439,-73.94938295189516,8491,Pizza Place,2012-08-19 17:22:48+00:00,New York City,Dining and Drinking,Restaurant,,,,
415,293,40.716069008205125,-73.9497388406914,14297,Deli / Bodega,2012-07-01 03:40:15+00:00,New York City,Dining and Drinking,Restaurant,,,,
416,293,40.65016889724004,-73.94957542419434,21907,Neighborhood,2012-07-01 06:12:32+00:00,New York City,Landmarks and Outdoors,States and Municipalities,,,,
417,293,40.7140882616396,-73.94940591248245,24789,Other Great Outdoors,2012-07-01 06:13:47+00:00,New York City,Landmarks and Outdoors,Other Great Outdoors,,,,
418,293,40.714049,-73.949311,26729,Bagel Shop,2012-07-01 06:14:36+00:00,New York City,Dining and Drinking,Bagel Shop,,,,
419,293,40.71043968200684,-73.948771,13021,Food & Drink Shop,2012-07-01 06:21:25+00:00,New York City,Retail,Food and Beverage Retail,,,,
420,293,40.7140882616396,-73.94940591248245,24789,Other Great Outdoors,2012-07-08 07:15:55+00:00,New York City,Landmarks and Outdoors,Other Great Outdoors,,,,
421,293,40.714049,-73.949311,26729,Bagel Shop,2012-07-08 07:16:35+00:00,New York City,Dining and Drinking,Bagel Shop,,,,
422,293,40.71043968200684,-73.948771,13021,Food & Drink Shop,2012-07-08 07:18:19+00:00,New York City,Retail,Food and Beverage Retail,,,,
423,293,40.70427317579925,-73.94809715465664,24503,Deli / Bodega,2012-07-08 07:21:07+00:00,New York City,Dining and Drinking,Restaurant,,,,
424,293,40.68896799720544,-73.92899861616681,24249,General Travel,2012-07-08 15:02:17+00:00,New York City,Travel and Transportation,General Travel,,,,
425,293,40.66879058993659,-73.91670153777805,25034,Food & Drink Shop,2012-07-08 15:39:10+00:00,New York City,Retail,Food and Beverage Retail,,,,
426,293,40.69050658427037,-73.933539497251,27700,Deli / Bodega,2012-07-08 19:04:37+00:00,New York City,Dining and Drinking,Restaurant,,,,
427,293,40.69054151282002,-73.93374615934772,28351,Laundry Service,2012-07-08 19:05:31+00:00,New York City,Business and Professional Services,Laundry Service,,,,
428,293,40.68896799720544,-73.92899861616681,24249,General Travel,2012-07-15 17:15:24+00:00,New York City,Travel and Transportation,General Travel,,,,
429,293,40.68896799720544,-73.92899861616681,24249,General Travel,2012-07-15 17:22:06+00:00,New York City,Travel and Transportation,General Travel,,,,
430,293,40.70408637926169,-73.9480799340999,30488,General Travel,2012-07-15 17:38:37+00:00,New York City,Travel and Transportation,General Travel,,,,
431,293,40.71416030830439,-73.94938295189516,8491,Pizza Place,2012-07-15 17:45:08+00:00,New York City,Dining and Drinking,Restaurant,,,,
432,293,40.71505590186361,-73.9495034949479,1317,Bakery,2012-07-15 17:45:40+00:00,New York City,Dining and Drinking,Bakery,,,,
433,293,40.71610886348951,-73.95280978937265,19532,Church,2012-07-15 18:09:28+00:00,New York City,Community and Government,Spiritual Center,,,,
434,293,40.71590752439506,-73.95319104194641,36521,Fair,2012-07-15 18:11:59+00:00,New York City,Arts and Entertainment,Fair,,,,
435,293,40.71532844619961,-73.94954367594879,36564,General Travel,2012-07-29 05:22:18+00:00,New York City,Travel and Transportation,General Travel,,,,
436,293,40.70427317579925,-73.94809715465664,24503,Deli / Bodega,2012-07-29 05:29:22+00:00,New York City,Dining and Drinking,Restaurant,,,,
437,293,40.68990012489897,-73.93075527809141,26212,Chinese Restaurant,2012-07-29 21:59:41+00:00,New York City,Dining and Drinking,Restaurant,,,,
438,293,40.706599494975634,-73.94754035587833,12852,Park,2012-07-29 22:17:23+00:00,New York City,Landmarks and Outdoors,Park,,,,
439,293,40.71043968200684,-73.948771,13021,Food & Drink Shop,2012-07-29 22:22:29+00:00,New York City,Retail,Food and Beverage Retail,,,,
440,293,40.714049,-73.949311,26729,Bagel Shop,2012-07-29 22:33:04+00:00,New York City,Dining and Drinking,Bagel Shop,,,,
441,293,40.71595073760232,-73.94959533722336,24873,Smoke Shop,2012-07-29 22:40:42+00:00,New York City,Retail,Smoke Shop,,,,
442,293,40.70427317579925,-73.94809715465664,24503,Deli / Bodega,2012-06-03 00:02:54+00:00,New York City,Dining and Drinking,Restaurant,,,,
443,293,40.70408637926169,-73.9480799340999,30488,General Travel,2012-06-03 00:03:18+00:00,New York City,Travel and Transportation,General Travel,,,,
444,293,40.7140882616396,-73.94940591248245,24789,Other Great Outdoors,2012-06-03 00:05:30+00:00,New York City,Landmarks and Outdoors,Other Great Outdoors,,,,
445,293,40.65016889724004,-73.94957542419434,21907,Neighborhood,2012-06-03 00:07:01+00:00,New York City,Landmarks and Outdoors,States and Municipalities,,,,
446,293,40.71595073760232,-73.94959533722336,24873,Smoke Shop,2012-06-03 00:07:26+00:00,New York City,Retail,Smoke Shop,,,,
447,293,40.716069008205125,-73.9497388406914,14297,Deli / Bodega,2012-06-03 05:38:06+00:00,New York City,Dining and Drinking,Restaurant,,,,
448,293,40.68898174275213,-73.92964157923912,24249,General Travel,2012-06-03 16:24:27+00:00,New York City,Travel and Transportation,General Travel,,,,
449,293,40.70408637926169,-73.9480799340999,30488,General Travel,2012-06-03 16:57:22+00:00,New York City,Travel and Transportation,General Travel,,,,
450,293,40.7140882616396,-73.94940591248245,24789,Other Great Outdoors,2012-06-03 17:04:24+00:00,New York City,Landmarks and Outdoors,Other Great Outdoors,,,,
451,293,40.65016889724004,-73.94957542419434,21907,Neighborhood,2012-06-03 17:05:47+00:00,New York City,Landmarks and Outdoors,States and Municipalities,,,,
452,293,40.71595073760232,-73.94959533722336,24873,Smoke Shop,2012-06-03 17:06:22+00:00,New York City,Retail,Smoke Shop,,,,
453,293,40.65016889724004,-73.94957542419434,21907,Neighborhood,2012-06-10 07:11:41+00:00,New York City,Landmarks and Outdoors,States and Municipalities,,,,
454,293,40.7140882616396,-73.94940591248245,24789,Other Great Outdoors,2012-06-10 07:12:29+00:00,New York City,Landmarks and Outdoors,Other Great Outdoors,,,,
455,293,40.68898174275213,-73.92964157923912,24249,General Travel,2012-06-10 14:53:50+00:00,New York City,Travel and Transportation,General Travel,,,,
456,293,40.66879058993659,-73.91670153777805,25034,Food & Drink Shop,2012-06-10 15:29:26+00:00,New York City,Retail,Food and Beverage Retail,,,,
457,293,40.68898174275213,-73.92964157923912,24249,General Travel,2012-06-10 20:57:21+00:00,New York City,Travel and Transportation,General Travel,,,,
458,293,40.70427317579925,-73.94809715465664,24503,Deli / Bodega,2012-06-10 21:14:25+00:00,New York City,Dining and Drinking,Restaurant,,,,
459,293,40.70408637926169,-73.9480799340999,30488,General Travel,2012-06-10 21:17:24+00:00,New York City,Travel and Transportation,General Travel,,,,
460,293,40.7140882616396,-73.94940591248245,24789,Other Great Outdoors,2012-06-10 21:26:55+00:00,New York City,Landmarks and Outdoors,Other Great Outdoors,,,,
461,293,40.65016889724004,-73.94957542419434,21907,Neighborhood,2012-06-10 21:27:26+00:00,New York City,Landmarks and Outdoors,States and Municipalities,,,,
462,293,40.71595073760232,-73.94959533722336,24873,Smoke Shop,2012-06-10 21:27:54+00:00,New York City,Retail,Smoke Shop,,,,
463,293,40.716069008205125,-73.9497388406914,14297,Deli / Bodega,2012-06-17 00:17:20+00:00,New York City,Dining and Drinking,Restaurant,,,,
464,293,40.71595073760232,-73.94959533722336,24873,Smoke Shop,2012-06-17 00:23:59+00:00,New York City,Retail,Smoke Shop,,,,
465,293,40.65016889724004,-73.94957542419434,21907,Neighborhood,2012-06-17 04:56:44+00:00,New York City,Landmarks and Outdoors,States and Municipalities,,,,
466,293,40.7140882616396,-73.94940591248245,24789,Other Great Outdoors,2012-06-17 04:57:55+00:00,New York City,Landmarks and Outdoors,Other Great Outdoors,,,,
467,293,40.70427317579925,-73.94809715465664,24503,Deli / Bodega,2012-06-17 21:30:08+00:00,New York City,Dining and Drinking,Restaurant,,,,
468,293,40.7140882616396,-73.94940591248245,24789,Other Great Outdoors,2012-06-17 21:43:16+00:00,New York City,Landmarks and Outdoors,Other Great Outdoors,,,,
469,293,40.71595073760232,-73.94959533722336,24873,Smoke Shop,2012-06-17 21:45:20+00:00,New York City,Retail,Smoke Shop,,,,
470,293,40.70408637926169,-73.9480799340999,30488,General Travel,2012-05-06 20:28:48+00:00,New York City,Travel and Transportation,General Travel,,,,
471,293,40.716069008205125,-73.9497388406914,14297,Deli / Bodega,2012-05-13 00:12:52+00:00,New York City,Dining and Drinking,Restaurant,,,,
472,293,40.65016889724004,-73.94957542419434,21907,Neighborhood,2012-05-13 08:10:44+00:00,New York City,Landmarks and Outdoors,States and Municipalities,,,,
473,293,40.7140882616396,-73.94940591248245,24789,Other Great Outdoors,2012-05-13 08:16:29+00:00,New York City,Landmarks and Outdoors,Other Great Outdoors,,,,
474,293,40.68898174275213,-73.92964157923912,24249,General Travel,2012-05-13 22:58:36+00:00,New York City,Travel and Transportation,General Travel,,,,
475,293,40.70408637926169,-73.9480799340999,30488,General Travel,2012-05-13 23:26:25+00:00,New York City,Travel and Transportation,General Travel,,,,
476,293,40.7140882616396,-73.94940591248245,24789,Other Great Outdoors,2012-05-13 23:33:06+00:00,New York City,Landmarks and Outdoors,Other Great Outdoors,,,,
477,293,40.65016889724004,-73.94957542419434,21907,Neighborhood,2012-05-13 23:33:52+00:00,New York City,Landmarks and Outdoors,States and Municipalities,,,,
478,293,40.716069008205125,-73.9497388406914,14297,Deli / Bodega,2012-05-27 02:22:56+00:00,New York City,Dining and Drinking,Restaurant,,,,
479,293,40.71595073760232,-73.94959533722336,24873,Smoke Shop,2012-05-27 02:40:56+00:00,New York City,Retail,Smoke Shop,,,,
480,293,40.73635582024316,-74.02912002984051,16184,Smoke Shop,2012-05-27 03:43:06+00:00,New York City,Retail,Smoke Shop,,,,
481,293,40.68898174275213,-73.92964157923912,24249,General Travel,2012-05-27 22:20:34+00:00,New York City,Travel and Transportation,General Travel,,,,
482,293,40.71416030830439,-73.94938295189516,8491,Pizza Place,2012-05-27 22:54:03+00:00,New York City,Dining and Drinking,Restaurant,,,,
483,293,40.7140882616396,-73.94940591248245,24789,Other Great Outdoors,2012-05-27 22:54:48+00:00,New York City,Landmarks and Outdoors,Other Great Outdoors,,,,
484,293,40.65016889724004,-73.94957542419434,21907,Neighborhood,2012-05-27 22:55:26+00:00,New York City,Landmarks and Outdoors,States and Municipalities,,,,
485,293,40.71595073760232,-73.94959533722336,24873,Smoke Shop,2012-05-27 22:55:46+00:00,New York City,Retail,Smoke Shop,,,,
486,293,40.71430292374222,-73.94942887306698,24789,Other Great Outdoors,2012-10-28 07:10:26+00:00,New York City,Landmarks and Outdoors,Other Great Outdoors,,,,
487,293,40.70427317579925,-73.94809715465664,24503,Deli / Bodega,2012-10-28 07:26:49+00:00,New York City,Dining and Drinking,Restaurant,,,,
488,293,40.70408637926169,-73.9480799340999,30488,General Travel,2012-10-28 07:28:40+00:00,New York City,Travel and Transportation,General Travel,,,,
489,293,40.69027455119438,-73.92338408028661,26992,Miscellaneous Shop,2012-10-28 15:44:13+00:00,New York City,Retail,Miscellaneous Store,,,,
490,293,40.68927817624841,-73.92219543457031,11105,Drugstore / Pharmacy,2012-10-28 15:46:14+00:00,New York City,Retail,Pharmacy,,,,
491,293,40.71416030830439,-73.94938295189516,8491,Pizza Place,2012-10-28 16:22:17+00:00,New York City,Dining and Drinking,Restaurant,,,,
492,293,40.716069008205125,-73.9497388406914,14297,Deli / Bodega,2012-10-28 16:24:32+00:00,New York City,Dining and Drinking,Restaurant,,,,
493,293,40.71559176749147,-73.94962403792549,30920,Deli / Bodega,2012-10-28 16:39:06+00:00,New York City,Dining and Drinking,Restaurant,,,,
494,293,40.71595073760232,-73.94959533722336,24873,Smoke Shop,2012-10-28 17:21:15+00:00,New York City,Retail,Smoke Shop,,,,
495,293,40.706599494975634,-73.94754035587833,12852,Park,2012-09-09 16:23:06+00:00,New York City,Landmarks and Outdoors,Park,,,,
496,293,40.70701805107019,-73.95018657082707,10254,Drugstore / Pharmacy,2012-09-09 16:25:27+00:00,New York City,Retail,Pharmacy,,,,
497,293,40.71043968200684,-73.948771,13021,Food & Drink Shop,2012-09-09 16:37:54+00:00,New York City,Retail,Food and Beverage Retail,,,,
498,293,40.7140882616396,-73.94940591248245,24789,Other Great Outdoors,2012-09-09 16:41:14+00:00,New York City,Landmarks and Outdoors,Other Great Outdoors,,,,
499,293,40.71505590186361,-73.9495034949479,1317,Bakery,2012-09-09 16:43:03+00:00,New York City,Dining and Drinking,Bakery,,,,
500,293,40.716069008205125,-73.9497388406914,14297,Deli / Bodega,2012-09-09 17:01:39+00:00,New York City,Dining and Drinking,Restaurant,,,,
501,293,40.71595073760232,-73.94959533722336,24873,Smoke Shop,2012-09-09 17:01:53+00:00,New York City,Retail,Smoke Shop,,,,
502,293,40.7140882616396,-73.94940591248245,24789,Other Great Outdoors,2012-04-05 00:18:50+00:00,New York City,Landmarks and Outdoors,Other Great Outdoors,,,,
503,293,40.65016889724004,-73.94957542419434,21907,Neighborhood,2012-04-05 00:19:52+00:00,New York City,Landmarks and Outdoors,States and Municipalities,,,,
504,293,40.71595073760232,-73.94959533722336,24873,Smoke Shop,2012-04-05 00:20:43+00:00,New York City,Retail,Smoke Shop,,,,
505,293,40.71430985040704,-73.94939443218914,24789,Other Great Outdoors,2012-04-12 00:19:20+00:00,New York City,Landmarks and Outdoors,Other Great Outdoors,,,,
506,293,40.65016889724004,-73.94957542419434,21907,Neighborhood,2012-04-12 00:20:15+00:00,New York City,Landmarks and Outdoors,States and Municipalities,,,,
507,293,40.71595073760232,-73.94959533722336,24873,Smoke Shop,2012-04-12 00:21:02+00:00,New York City,Retail,Smoke Shop,,,,
508,293,40.716069008205125,-73.9497388406914,14297,Deli / Bodega,2012-04-12 02:34:51+00:00,New York City,Dining and Drinking,Restaurant,,,,
509,293,40.65016889724004,-73.94957542419434,21907,Neighborhood,2012-04-12 05:35:11+00:00,New York City,Landmarks and Outdoors,States and Municipalities,,,,
510,293,40.71430985040704,-73.94939443218914,24789,Other Great Outdoors,2012-04-12 05:36:14+00:00,New York City,Landmarks and Outdoors,Other Great Outdoors,,,,
511,293,40.72678506374359,-74.00346747445712,5959,Park,2012-04-12 17:20:19+00:00,New York City,Landmarks and Outdoors,Park,,,,
512,293,40.726493078250186,-74.00530109029536,2369,General Entertainment,2012-04-12 17:45:25+00:00,New York City,Arts and Entertainment,General Entertainment,,,,
513,293,40.72747808896111,-74.00735545457952,11875,Bank,2012-04-12 23:58:21+00:00,New York City,Business and Professional Services,Financial Service,,,,
514,293,40.71595073760232,-73.94959533722336,24873,Smoke Shop,2012-04-19 03:43:43+00:00,New York City,Retail,Smoke Shop,,,,
515,293,40.65016889724004,-73.94957542419434,21907,Neighborhood,2012-04-19 07:18:18+00:00,New York City,Landmarks and Outdoors,States and Municipalities,,,,
516,293,40.71430985040704,-73.94939443218914,24789,Other Great Outdoors,2012-04-19 07:18:57+00:00,New York City,Landmarks and Outdoors,Other Great Outdoors,,,,
517,293,40.68900261661789,-73.9290847274161,24249,General Travel,2012-04-19 19:08:27+00:00,New York City,Travel and Transportation,General Travel,,,,
518,293,40.66778556267499,-73.91866498904422,25034,Food & Drink Shop,2012-04-19 20:14:45+00:00,New York City,Retail,Food and Beverage Retail,,,,
519,293,40.70408637926169,-73.9480799340999,30488,General Travel,2012-04-19 21:07:16+00:00,New York City,Travel and Transportation,General Travel,,,,
520,293,40.71430985040704,-73.94939443218914,24789,Other Great Outdoors,2012-04-19 21:13:13+00:00,New York City,Landmarks and Outdoors,Other Great Outdoors,,,,
521,293,40.65016889724004,-73.94957542419434,21907,Neighborhood,2012-04-19 21:15:20+00:00,New York City,Landmarks and Outdoors,States and Municipalities,,,,
522,293,40.71595073760232,-73.94959533722336,24873,Smoke Shop,2012-04-19 21:17:20+00:00,New York City,Retail,Smoke Shop,,,,
523,293,40.71559176749147,-73.94962403792549,30920,Deli / Bodega,2012-04-19 21:39:02+00:00,New York City,Dining and Drinking,Restaurant,,,,
524,293,40.71430985040704,-73.94939443218914,24789,Other Great Outdoors,2012-04-26 00:11:40+00:00,New York City,Landmarks and Outdoors,Other Great Outdoors,,,,
525,293,40.65016889724004,-73.94957542419434,21907,Neighborhood,2012-04-26 00:12:22+00:00,New York City,Landmarks and Outdoors,States and Municipalities,,,,
526,293,40.65016889724004,-73.94957542419434,21907,Neighborhood,2012-04-26 03:45:33+00:00,New York City,Landmarks and Outdoors,States and Municipalities,,,,
527,293,40.71430985040704,-73.94939443218914,24789,Other Great Outdoors,2012-04-26 03:46:42+00:00,New York City,Landmarks and Outdoors,Other Great Outdoors,,,,
528,293,40.68990012489897,-73.93075527809141,26212,Chinese Restaurant,2012-08-09 15:48:56+00:00,New York City,Dining and Drinking,Restaurant,,,,
529,293,40.72230909915314,-74.00521583855152,14626,Athletic & Sport,2012-08-09 16:54:47+00:00,New York City,Sports and Recreation,Basketball,,,,
530,293,40.72678506374359,-74.00346747445712,5959,Park,2012-08-09 17:09:31+00:00,New York City,Landmarks and Outdoors,Park,,,,
531,293,40.726901990216966,-74.00327539665169,18829,Deli / Bodega,2012-08-09 17:10:33+00:00,New York City,Dining and Drinking,Restaurant,,,,
532,293,40.72692705548838,-74.0054904599932,2369,General Entertainment,2012-08-09 19:41:53+00:00,New York City,Arts and Entertainment,General Entertainment,,,,
533,293,40.726347595238224,-74.00433702347331,3247,Diner,2012-08-09 23:56:31+00:00,New York City,Dining and Drinking,Restaurant,,,,
534,293,40.68990012489897,-73.93075527809141,26212,Chinese Restaurant,2012-08-16 16:36:44+00:00,New York City,Dining and Drinking,Restaurant,,,,
535,293,40.68914413452149,-73.9303207397461,36932,Deli / Bodega,2012-08-16 16:37:51+00:00,New York City,Dining and Drinking,Restaurant,,,,
536,293,40.68896799720544,-73.92899861616681,24249,General Travel,2012-08-16 16:38:52+00:00,New York City,Travel and Transportation,General Travel,,,,
537,293,40.72747808896111,-74.00735545457952,11875,Bank,2012-08-16 17:23:29+00:00,New York City,Business and Professional Services,Financial Service,,,,
538,293,40.72702212508501,-74.00527813637986,10353,Paper / Office Supplies Store,2012-08-16 17:31:18+00:00,New York City,Retail,Office Supply Store,,,,
539,293,40.72692705548838,-74.0054904599932,2369,General Entertainment,2012-08-16 17:42:20+00:00,New York City,Arts and Entertainment,General Entertainment,,,,
540,293,40.726347595238224,-74.00433702347331,3247,Diner,2012-08-16 23:54:31+00:00,New York City,Dining and Drinking,Restaurant,,,,
541,293,40.72174947635632,-73.99350815375443,34164,Other Great Outdoors,2012-07-05 00:01:27+00:00,New York City,Landmarks and Outdoors,Other Great Outdoors,,,,
542,293,40.7140882616396,-73.94940591248245,24789,Other Great Outdoors,2012-07-05 00:17:32+00:00,New York City,Landmarks and Outdoors,Other Great Outdoors,,,,
543,293,40.71595073760232,-73.94959533722336,24873,Smoke Shop,2012-07-05 00:19:34+00:00,New York City,Retail,Smoke Shop,,,,
544,293,40.65016889724004,-73.94957542419434,21907,Neighborhood,2012-07-05 06:09:32+00:00,New York City,Landmarks and Outdoors,States and Municipalities,,,,
545,293,40.7140882616396,-73.94940591248245,24789,Other Great Outdoors,2012-07-05 06:10:03+00:00,New York City,Landmarks and Outdoors,Other Great Outdoors,,,,
546,293,40.71043968200684,-73.948771,13021,Food & Drink Shop,2012-07-05 06:11:05+00:00,New York City,Retail,Food and Beverage Retail,,,,
547,293,40.68896799720544,-73.92899861616681,24249,General Travel,2012-07-05 16:20:24+00:00,New York City,Travel and Transportation,General Travel,,,,
548,293,40.72678506374359,-74.00346747445712,5959,Park,2012-07-05 17:10:15+00:00,New York City,Landmarks and Outdoors,Park,,,,
549,293,40.72789663397213,-74.00722347094514,8108,Drugstore / Pharmacy,2012-07-05 17:17:36+00:00,New York City,Retail,Pharmacy,,,,
550,293,40.72702212508501,-74.00527813637986,10353,Paper / Office Supplies Store,2012-07-05 17:24:20+00:00,New York City,Retail,Office Supply Store,,,,
551,293,40.72692705548838,-74.0054904599932,2369,General Entertainment,2012-07-05 23:51:15+00:00,New York City,Arts and Entertainment,General Entertainment,,,,
552,293,40.72648554606392,-74.00508876647187,35262,Office,2012-07-05 23:52:08+00:00,New York City,Dining and Drinking,Cafeteria,,,,
553,293,40.72174947635632,-73.99350815375443,34164,Other Great Outdoors,2012-07-12 00:00:48+00:00,New York City,Landmarks and Outdoors,Other Great Outdoors,,,,
554,293,40.7140882616396,-73.94940591248245,24789,Other Great Outdoors,2012-07-12 00:14:14+00:00,New York City,Landmarks and Outdoors,Other Great Outdoors,,,,
555,293,40.71505590186361,-73.9495034949479,1317,Bakery,2012-07-12 00:15:52+00:00,New York City,Dining and Drinking,Bakery,,,,
556,293,40.65016889724004,-73.94957542419434,21907,Neighborhood,2012-07-12 00:16:21+00:00,New York City,Landmarks and Outdoors,States and Municipalities,,,,
557,293,40.71595073760232,-73.94959533722336,24873,Smoke Shop,2012-07-12 00:17:28+00:00,New York City,Retail,Smoke Shop,,,,
558,293,40.65016889724004,-73.94957542419434,21907,Neighborhood,2012-07-12 05:08:04+00:00,New York City,Landmarks and Outdoors,States and Municipalities,,,,
559,293,40.714718,-73.949522,3307,Southern / Soul Food Restaurant,2012-07-12 05:08:43+00:00,New York City,Dining and Drinking,Restaurant,,,,
560,293,40.7140882616396,-73.94940591248245,24789,Other Great Outdoors,2012-07-12 05:09:32+00:00,New York City,Landmarks and Outdoors,Other Great Outdoors,,,,
561,293,40.70427317579925,-73.94809715465664,24503,Deli / Bodega,2012-07-12 05:26:11+00:00,New York City,Dining and Drinking,Restaurant,,,,
562,293,40.72738829483809,-74.00709722564442,31798,Sandwich Place,2012-07-12 16:13:42+00:00,New York City,Dining and Drinking,Restaurant,,,,
563,293,40.72702212508501,-74.00527813637986,10353,Paper / Office Supplies Store,2012-07-12 17:51:03+00:00,New York City,Retail,Office Supply Store,,,,
564,293,40.72648554606392,-74.00508876647187,35262,Office,2012-07-12 18:01:28+00:00,New York City,Dining and Drinking,Cafeteria,,,,
565,293,40.726347595238224,-74.00433702347331,3247,Diner,2012-07-12 23:56:28+00:00,New York City,Dining and Drinking,Restaurant,,,,
566,293,40.7140882616396,-73.94940591248245,24789,Other Great Outdoors,2012-07-19 00:21:46+00:00,New York City,Landmarks and Outdoors,Other Great Outdoors,,,,
567,293,40.71416030830439,-73.94938295189516,8491,Pizza Place,2012-07-19 00:22:14+00:00,New York City,Dining and Drinking,Restaurant,,,,
568,293,40.71505590186361,-73.9495034949479,1317,Bakery,2012-07-19 00:22:47+00:00,New York City,Dining and Drinking,Bakery,,,,
569,293,40.71416030830439,-73.94938295189516,8491,Pizza Place,2012-07-26 23:10:34+00:00,New York City,Dining and Drinking,Restaurant,,,,
570,293,40.71505590186361,-73.9495034949479,1317,Bakery,2012-07-26 23:11:43+00:00,New York City,Dining and Drinking,Bakery,,,,
571,293,40.716069008205125,-73.9497388406914,14297,Deli / Bodega,2012-07-26 23:12:49+00:00,New York City,Dining and Drinking,Restaurant,,,,
572,293,40.7140882616396,-73.94940591248245,24789,Other Great Outdoors,2012-06-07 00:24:39+00:00,New York City,Landmarks and Outdoors,Other Great Outdoors,,,,
573,293,40.714049,-73.949311,26729,Bagel Shop,2012-06-07 00:25:26+00:00,New York City,Dining and Drinking,Bagel Shop,,,,
574,293,40.7140882616396,-73.94940591248245,24789,Other Great Outdoors,2012-06-07 05:07:16+00:00,New York City,Landmarks and Outdoors,Other Great Outdoors,,,,
575,293,40.65016889724004,-73.94957542419434,21907,Neighborhood,2012-06-07 05:07:54+00:00,New York City,Landmarks and Outdoors,States and Municipalities,,,,
576,293,40.68898174275213,-73.92964157923912,24249,General Travel,2012-06-07 16:11:12+00:00,New York City,Travel and Transportation,General Travel,,,,
577,293,40.72678506374359,-74.00346747445712,5959,Park,2012-06-07 17:08:32+00:00,New York City,Landmarks and Outdoors,Park,,,,
578,293,40.72789663397213,-74.00722347094514,8108,Drugstore / Pharmacy,2012-06-07 17:25:53+00:00,New York City,Retail,Pharmacy,,,,
579,293,40.72555492878851,-74.00659798204799,10041,Building,2012-06-07 17:42:29+00:00,New York City,Landmarks and Outdoors,Structure,,,,
580,293,40.73577905884602,-73.99313449859619,22813,Food Truck,2012-06-07 17:46:56+00:00,New York City,Dining and Drinking,Food Truck,,,,
581,293,40.72692705548838,-74.0054904599932,2369,General Entertainment,2012-06-07 17:47:59+00:00,New York City,Arts and Entertainment,General Entertainment,,,,
582,293,40.65016889724004,-73.94957542419434,21907,Neighborhood,2012-06-14 00:26:33+00:00,New York City,Landmarks and Outdoors,States and Municipalities,,,,
583,293,40.71595073760232,-73.94959533722336,24873,Smoke Shop,2012-06-14 00:27:59+00:00,New York City,Retail,Smoke Shop,,,,
584,293,40.716069008205125,-73.9497388406914,14297,Deli / Bodega,2012-06-14 03:44:09+00:00,New York City,Dining and Drinking,Restaurant,,,,
585,293,40.71595073760232,-73.94959533722336,24873,Smoke Shop,2012-06-14 03:48:00+00:00,New York City,Retail,Smoke Shop,,,,
586,293,40.65016889724004,-73.94957542419434,21907,Neighborhood,2012-06-14 05:04:45+00:00,New York City,Landmarks and Outdoors,States and Municipalities,,,,
587,293,40.7140882616396,-73.94940591248245,24789,Other Great Outdoors,2012-06-14 05:06:21+00:00,New York City,Landmarks and Outdoors,Other Great Outdoors,,,,
588,293,40.7140882616396,-73.94940591248245,24789,Other Great Outdoors,2012-06-21 00:14:06+00:00,New York City,Landmarks and Outdoors,Other Great Outdoors,,,,
589,293,40.71595073760232,-73.94959533722336,24873,Smoke Shop,2012-06-21 00:15:36+00:00,New York City,Retail,Smoke Shop,,,,
590,293,40.7140882616396,-73.94940591248245,24789,Other Great Outdoors,2012-06-21 03:31:28+00:00,New York City,Landmarks and Outdoors,Other Great Outdoors,,,,
591,293,40.80035505930557,-73.95902615848668,9783,Plaza,2012-05-03 16:47:28+00:00,New York City,Landmarks and Outdoors,Plaza,,,,
592,293,40.801666932947775,-73.9574189908253,32665,Drugstore / Pharmacy,2012-05-03 16:49:24+00:00,New York City,Retail,Pharmacy,,,,
593,293,40.72678506374359,-74.00346747445712,5959,Park,2012-05-03 17:44:39+00:00,New York City,Landmarks and Outdoors,Park,,,,
594,293,40.72692705548838,-74.0054904599932,2369,General Entertainment,2012-05-03 17:45:18+00:00,New York City,Arts and Entertainment,General Entertainment,,,,
595,293,40.72648554606392,-74.00508876647187,35262,Office,2012-05-03 17:54:58+00:00,New York City,Dining and Drinking,Cafeteria,,,,
596,293,40.71595073760232,-73.94959533722336,24873,Smoke Shop,2012-05-17 00:31:28+00:00,New York City,Retail,Smoke Shop,,,,
597,293,40.65016889724004,-73.94957542419434,21907,Neighborhood,2012-05-17 04:51:04+00:00,New York City,Landmarks and Outdoors,States and Municipalities,,,,
598,293,40.7140882616396,-73.94940591248245,24789,Other Great Outdoors,2012-05-17 04:51:56+00:00,New York City,Landmarks and Outdoors,Other Great Outdoors,,,,
599,293,40.68898174275213,-73.92964157923912,24249,General Travel,2012-05-17 16:32:58+00:00,New York City,Travel and Transportation,General Travel,,,,
600,293,40.72392692874449,-74.00227114964419,11842,Clothing Store,2012-05-17 17:22:23+00:00,New York City,Retail,Fashion Retail,,,,
601,293,40.72678506374359,-74.00346747445712,5959,Park,2012-05-17 17:27:55+00:00,New York City,Landmarks and Outdoors,Park,,,,
602,293,40.72702212508501,-74.00527813637986,10353,Paper / Office Supplies Store,2012-05-17 17:30:41+00:00,New York City,Retail,Office Supply Store,,,,
603,293,40.72692705548838,-74.0054904599932,2369,General Entertainment,2012-05-17 17:39:29+00:00,New York City,Arts and Entertainment,General Entertainment,,,,
604,293,40.72648554606392,-74.00508876647187,35262,Office,2012-05-17 19:27:08+00:00,New York City,Dining and Drinking,Cafeteria,,,,
605,293,40.7140882616396,-73.94940591248245,24789,Other Great Outdoors,2012-05-24 00:22:33+00:00,New York City,Landmarks and Outdoors,Other Great Outdoors,,,,
606,293,40.65016889724004,-73.94957542419434,21907,Neighborhood,2012-05-24 03:51:53+00:00,New York City,Landmarks and Outdoors,States and Municipalities,,,,
607,293,40.7140882616396,-73.94940591248245,24789,Other Great Outdoors,2012-05-24 03:52:24+00:00,New York City,Landmarks and Outdoors,Other Great Outdoors,,,,
608,293,40.68898174275213,-73.92964157923912,24249,General Travel,2012-05-31 14:34:56+00:00,New York City,Travel and Transportation,General Travel,,,,
609,293,40.76803326982161,-73.98186922073364,2490,Plaza,2012-05-31 15:20:32+00:00,New York City,Landmarks and Outdoors,Plaza,,,,
610,293,40.76812532625672,-73.98441762875413,16996,Medical Center,2012-05-31 15:22:00+00:00,New York City,Health and Medicine,Physician,,,,
611,293,40.72678506374359,-74.00346747445712,5959,Park,2012-05-31 17:54:16+00:00,New York City,Landmarks and Outdoors,Park,,,,
612,293,40.72692705548838,-74.0054904599932,2369,General Entertainment,2012-05-31 17:54:46+00:00,New York City,Arts and Entertainment,General Entertainment,,,,
613,293,40.72648554606392,-74.00508876647187,35262,Office,2012-05-31 17:56:02+00:00,New York City,Dining and Drinking,Cafeteria,,,,
614,293,40.68904527212705,-73.93031898445723,37312,Convenience Store,2012-10-11 16:55:27+00:00,New York City,Retail,Convenience Store,,,,
615,293,40.68896799720544,-73.92899861616681,24249,General Travel,2012-10-11 16:57:04+00:00,New York City,Travel and Transportation,General Travel,,,,
616,293,40.72678506374359,-74.00346747445712,5959,Park,2012-10-11 17:31:42+00:00,New York City,Landmarks and Outdoors,Park,,,,
617,293,40.72692705548838,-74.0054904599932,2369,General Entertainment,2012-10-11 22:39:57+00:00,New York City,Arts and Entertainment,General Entertainment,,,,
618,293,40.68904527212705,-73.93031898445723,37312,Convenience Store,2012-10-18 16:34:07+00:00,New York City,Retail,Convenience Store,,,,
619,293,40.72692705548838,-74.0054904599932,2369,General Entertainment,2012-10-18 23:56:49+00:00,New York City,Arts and Entertainment,General Entertainment,,,,
620,293,40.71416030830439,-73.94938295189516,8491,Pizza Place,2012-10-25 00:26:22+00:00,New York City,Dining and Drinking,Restaurant,,,,
621,293,40.71505590186361,-73.9495034949479,1317,Bakery,2012-10-25 00:26:50+00:00,New York City,Dining and Drinking,Bakery,,,,
622,293,40.71595073760232,-73.94959533722336,24873,Smoke Shop,2012-10-25 01:02:20+00:00,New York City,Retail,Smoke Shop,,,,
623,293,40.71532844619961,-73.94954367594879,36564,General Travel,2012-10-25 03:23:08+00:00,New York City,Travel and Transportation,General Travel,,,,
624,293,40.70427317579925,-73.94809715465664,24503,Deli / Bodega,2012-10-25 03:37:35+00:00,New York City,Dining and Drinking,Restaurant,,,,
625,293,40.70408637926169,-73.9480799340999,30488,General Travel,2012-10-25 03:38:05+00:00,New York City,Travel and Transportation,General Travel,,,,
626,293,40.68914413452149,-73.9303207397461,36932,Deli / Bodega,2012-10-25 13:06:47+00:00,New York City,Dining and Drinking,Restaurant,,,,
627,293,40.68904527212705,-73.93031898445723,37312,Convenience Store,2012-10-25 13:07:30+00:00,New York City,Retail,Convenience Store,,,,
628,293,40.68896799720544,-73.92899861616681,24249,General Travel,2012-10-25 13:07:55+00:00,New York City,Travel and Transportation,General Travel,,,,
629,293,40.805351,-73.962127,23717,Medical Center,2012-10-25 14:40:41+00:00,New York City,Health and Medicine,Physician,,,,
630,293,40.80482528915967,-73.96628694550876,6546,Drugstore / Pharmacy,2012-10-25 16:58:12+00:00,New York City,Retail,Pharmacy,,,,
631,293,40.8039685675861,-73.96643043656833,7911,Food & Drink Shop,2012-10-25 16:58:43+00:00,New York City,Retail,Food and Beverage Retail,,,,
632,293,40.80070777919297,-73.95825127574912,9783,Plaza,2012-10-25 17:10:50+00:00,New York City,Landmarks and Outdoors,Plaza,,,,
633,293,40.79997133168345,-73.9579439163208,21652,Park,2012-10-25 17:11:37+00:00,New York City,Landmarks and Outdoors,Park,,,,
634,293,40.75714063260104,-73.96696996199624,10031,Smoke Shop,2012-10-25 17:56:13+00:00,New York City,Retail,Smoke Shop,,,,
635,293,40.71559176749147,-73.94962403792549,30920,Deli / Bodega,2012-10-25 19:47:07+00:00,New York City,Dining and Drinking,Restaurant,,,,
636,293,40.71595073760232,-73.94959533722336,24873,Smoke Shop,2012-10-25 20:49:31+00:00,New York City,Retail,Smoke Shop,,,,
637,293,40.726347595238224,-74.00433702347331,3247,Diner,2012-09-06 00:06:21+00:00,New York City,Dining and Drinking,Restaurant,,,,
638,293,40.71416030830439,-73.94938295189516,8491,Pizza Place,2012-09-06 00:34:52+00:00,New York City,Dining and Drinking,Restaurant,,,,
639,293,40.71505590186361,-73.9495034949479,1317,Bakery,2012-09-06 00:35:25+00:00,New York City,Dining and Drinking,Bakery,,,,
640,293,40.716069008205125,-73.9497388406914,14297,Deli / Bodega,2012-09-06 00:44:18+00:00,New York City,Dining and Drinking,Restaurant,,,,
641,293,40.7140882616396,-73.94940591248245,24789,Other Great Outdoors,2012-09-06 04:33:41+00:00,New York City,Landmarks and Outdoors,Other Great Outdoors,,,,
642,293,40.71532844619961,-73.94954367594879,36564,General Travel,2012-09-06 04:35:04+00:00,New York City,Travel and Transportation,General Travel,,,,
643,293,40.71532844619961,-73.94954367594879,36564,General Travel,2012-09-06 04:35:38+00:00,New York City,Travel and Transportation,General Travel,,,,
644,293,40.70427317579925,-73.94809715465664,24503,Deli / Bodega,2012-09-06 04:50:30+00:00,New York City,Dining and Drinking,Restaurant,,,,
645,293,40.72678506374359,-74.00346747445712,5959,Park,2012-09-06 17:17:24+00:00,New York City,Landmarks and Outdoors,Park,,,,
646,293,40.68990012489897,-73.93075527809141,26212,Chinese Restaurant,2012-09-13 16:31:29+00:00,New York City,Dining and Drinking,Restaurant,,,,
647,293,40.68896799720544,-73.92899861616681,24249,General Travel,2012-09-13 16:31:49+00:00,New York City,Travel and Transportation,General Travel,,,,
648,293,40.68896799720544,-73.92899861616681,24249,General Travel,2012-09-13 16:32:11+00:00,New York City,Travel and Transportation,General Travel,,,,
649,293,40.72678506374359,-74.00346747445712,5959,Park,2012-09-13 17:20:59+00:00,New York City,Landmarks and Outdoors,Park,,,,
650,293,40.72747808896111,-74.00735545457952,11875,Bank,2012-09-13 17:25:22+00:00,New York City,Business and Professional Services,Financial Service,,,,
651,293,40.72702212508501,-74.00527813637986,10353,Paper / Office Supplies Store,2012-09-13 17:34:40+00:00,New York City,Retail,Office Supply Store,,,,
652,293,40.71430985040704,-73.94939443218914,24789,Other Great Outdoors,2012-04-10 00:22:25+00:00,New York City,Landmarks and Outdoors,Other Great Outdoors,,,,
653,293,40.65016889724004,-73.94957542419434,21907,Neighborhood,2012-04-10 00:23:17+00:00,New York City,Landmarks and Outdoors,States and Municipalities,,,,
654,293,40.71595073760232,-73.94959533722336,24873,Smoke Shop,2012-04-10 00:23:55+00:00,New York City,Retail,Smoke Shop,,,,
655,293,40.65016889724004,-73.94957542419434,21907,Neighborhood,2012-04-10 06:19:42+00:00,New York City,Landmarks and Outdoors,States and Municipalities,,,,
656,293,40.71430985040704,-73.94939443218914,24789,Other Great Outdoors,2012-04-10 06:20:23+00:00,New York City,Landmarks and Outdoors,Other Great Outdoors,,,,
657,293,40.68900261661789,-73.9290847274161,24249,General Travel,2012-04-10 16:17:13+00:00,New York City,Travel and Transportation,General Travel,,,,
658,293,40.721183,-74.000452,7145,Music Store,2012-04-10 17:01:07+00:00,New York City,Retail,Music Store,,,,
659,293,40.72678506374359,-74.00346747445712,5959,Park,2012-04-10 17:14:19+00:00,New York City,Landmarks and Outdoors,Park,,,,
660,293,40.727205,-74.003234,13759,Convenience Store,2012-04-10 17:15:33+00:00,New York City,Retail,Convenience Store,,,,
661,293,40.727035,-74.005569,10353,Paper / Office Supplies Store,2012-04-10 17:20:06+00:00,New York City,Retail,Office Supply Store,,,,
662,293,40.68900261661789,-73.9290847274161,24249,General Travel,2012-04-17 16:29:53+00:00,New York City,Travel and Transportation,General Travel,,,,
663,293,40.72678506374359,-74.00346747445712,5959,Park,2012-04-17 17:18:52+00:00,New York City,Landmarks and Outdoors,Park,,,,
664,293,40.727035,-74.005569,10353,Paper / Office Supplies Store,2012-04-17 17:21:42+00:00,New York City,Retail,Office Supply Store,,,,
665,293,40.73308000062968,-74.1708254814148,3114,Stadium,2012-04-24 00:21:21+00:00,New York City,Arts and Entertainment,Stadium,,,,
666,293,40.73308000062968,-74.1708254814148,3114,Stadium,2012-04-24 00:25:07+00:00,New York City,Arts and Entertainment,Stadium,,,,
667,293,40.71430985040704,-73.94939443218914,24789,Other Great Outdoors,2012-04-24 05:32:09+00:00,New York City,Landmarks and Outdoors,Other Great Outdoors,,,,
668,293,40.65016889724004,-73.94957542419434,21907,Neighborhood,2012-04-24 05:32:31+00:00,New York City,Landmarks and Outdoors,States and Municipalities,,,,
669,293,40.71595073760232,-73.94959533722336,24873,Smoke Shop,2012-04-24 05:33:05+00:00,New York City,Retail,Smoke Shop,,,,
670,293,40.65016889724004,-73.94957542419434,21907,Neighborhood,2012-04-24 07:09:42+00:00,New York City,Landmarks and Outdoors,States and Municipalities,,,,
671,293,40.68908686839873,-73.93024435518471,24249,General Travel,2012-04-24 16:31:54+00:00,New York City,Travel and Transportation,General Travel,,,,
672,293,40.72678506374359,-74.00346747445712,5959,Park,2012-04-24 17:36:41+00:00,New York City,Landmarks and Outdoors,Park,,,,
673,293,40.7140882616396,-73.94940591248245,24789,Other Great Outdoors,2012-08-14 00:44:52+00:00,New York City,Landmarks and Outdoors,Other Great Outdoors,,,,
674,293,40.71505590186361,-73.9495034949479,1317,Bakery,2012-08-14 00:46:41+00:00,New York City,Dining and Drinking,Bakery,,,,
675,293,40.716069008205125,-73.9497388406914,14297,Deli / Bodega,2012-08-14 00:47:07+00:00,New York City,Dining and Drinking,Restaurant,,,,
676,293,40.71595073760232,-73.94959533722336,24873,Smoke Shop,2012-08-14 01:50:43+00:00,New York City,Retail,Smoke Shop,,,,
677,293,40.71532844619961,-73.94954367594879,36564,General Travel,2012-08-14 06:07:40+00:00,New York City,Travel and Transportation,General Travel,,,,
678,293,40.70427317579925,-73.94809715465664,24503,Deli / Bodega,2012-08-14 06:23:24+00:00,New York City,Dining and Drinking,Restaurant,,,,
679,293,40.68914413452149,-73.9303207397461,36932,Deli / Bodega,2012-08-14 16:46:55+00:00,New York City,Dining and Drinking,Restaurant,,,,
680,293,40.68896799720544,-73.92899861616681,24249,General Travel,2012-08-14 16:48:20+00:00,New York City,Travel and Transportation,General Travel,,,,
681,293,40.72678506374359,-74.00346747445712,5959,Park,2012-08-14 17:23:19+00:00,New York City,Landmarks and Outdoors,Park,,,,
682,293,40.727205,-74.003234,13759,Convenience Store,2012-08-14 17:26:17+00:00,New York City,Retail,Convenience Store,,,,
683,293,40.72702212508501,-74.00527813637986,10353,Paper / Office Supplies Store,2012-08-14 17:28:35+00:00,New York City,Retail,Office Supply Store,,,,
684,293,40.72692705548838,-74.0054904599932,2369,General Entertainment,2012-08-14 23:56:23+00:00,New York City,Arts and Entertainment,General Entertainment,,,,
685,293,40.72648554606392,-74.00508876647187,35262,Office,2012-08-14 23:57:12+00:00,New York City,Dining and Drinking,Cafeteria,,,,
686,293,40.71595073760232,-73.94959533722336,24873,Smoke Shop,2012-07-03 04:44:37+00:00,New York City,Retail,Smoke Shop,,,,
687,293,40.65016889724004,-73.94957542419434,21907,Neighborhood,2012-07-03 05:21:24+00:00,New York City,Landmarks and Outdoors,States and Municipalities,,,,
688,293,40.7140882616396,-73.94940591248245,24789,Other Great Outdoors,2012-07-03 05:22:48+00:00,New York City,Landmarks and Outdoors,Other Great Outdoors,,,,
689,293,40.68990012489897,-73.93075527809141,26212,Chinese Restaurant,2012-07-03 16:44:59+00:00,New York City,Dining and Drinking,Restaurant,,,,
690,293,40.726901990216966,-74.00327539665169,18829,Deli / Bodega,2012-07-03 17:33:17+00:00,New York City,Dining and Drinking,Restaurant,,,,
691,293,40.72716120053256,-74.00555849075317,5385,Pizza Place,2012-07-03 17:34:52+00:00,New York City,Dining and Drinking,Restaurant,,,,
692,293,40.72702212508501,-74.00527813637986,10353,Paper / Office Supplies Store,2012-07-03 17:56:14+00:00,New York City,Retail,Office Supply Store,,,,
693,293,40.72648554606392,-74.00508876647187,35262,Office,2012-07-03 17:57:41+00:00,New York City,Dining and Drinking,Cafeteria,,,,
694,293,40.7140882616396,-73.94940591248245,24789,Other Great Outdoors,2012-07-10 00:13:49+00:00,New York City,Landmarks and Outdoors,Other Great Outdoors,,,,
695,293,40.71416030830439,-73.94938295189516,8491,Pizza Place,2012-07-10 00:13:50+00:00,New York City,Dining and Drinking,Restaurant,,,,
696,293,40.71595073760232,-73.94959533722336,24873,Smoke Shop,2012-07-10 00:14:07+00:00,New York City,Retail,Smoke Shop,,,,
697,293,40.74298847422855,-73.93401022726191,13635,Diner,2012-07-10 23:48:31+00:00,New York City,Dining and Drinking,Restaurant,,,,
698,293,40.726347595238224,-74.00433702347331,3247,Diner,2012-07-10 23:48:57+00:00,New York City,Dining and Drinking,Restaurant,,,,
699,293,40.7140882616396,-73.94940591248245,24789,Other Great Outdoors,2012-07-17 00:16:10+00:00,New York City,Landmarks and Outdoors,Other Great Outdoors,,,,
700,293,40.71505590186361,-73.9495034949479,1317,Bakery,2012-07-17 00:17:17+00:00,New York City,Dining and Drinking,Bakery,,,,
701,293,40.71494794664117,-73.94981145858765,30154,Food & Drink Shop,2012-07-17 00:18:16+00:00,New York City,Retail,Food and Beverage Retail,,,,
702,293,40.71595073760232,-73.94959533722336,24873,Smoke Shop,2012-07-17 00:19:24+00:00,New York City,Retail,Smoke Shop,,,,
703,293,40.7140882616396,-73.94940591248245,24789,Other Great Outdoors,2012-07-17 05:05:42+00:00,New York City,Landmarks and Outdoors,Other Great Outdoors,,,,
704,293,40.714049,-73.949311,26729,Bagel Shop,2012-07-17 05:07:16+00:00,New York City,Dining and Drinking,Bagel Shop,,,,
705,293,40.70427317579925,-73.94809715465664,24503,Deli / Bodega,2012-07-17 05:20:15+00:00,New York City,Dining and Drinking,Restaurant,,,,
706,293,40.72702212508501,-74.00527813637986,10353,Paper / Office Supplies Store,2012-07-17 17:27:13+00:00,New York City,Retail,Office Supply Store,,,,
707,293,40.72692705548838,-74.0054904599932,2369,General Entertainment,2012-07-17 17:45:10+00:00,New York City,Arts and Entertainment,General Entertainment,,,,
708,293,40.68990012489897,-73.93075527809141,26212,Chinese Restaurant,2012-07-24 16:33:11+00:00,New York City,Dining and Drinking,Restaurant,,,,
709,293,40.68896799720544,-73.92899861616681,24249,General Travel,2012-07-24 16:35:31+00:00,New York City,Travel and Transportation,General Travel,,,,
710,293,40.72678506374359,-74.00346747445712,5959,Park,2012-07-24 17:24:52+00:00,New York City,Landmarks and Outdoors,Park,,,,
711,293,40.72692705548838,-74.0054904599932,2369,General Entertainment,2012-07-24 17:54:27+00:00,New York City,Arts and Entertainment,General Entertainment,,,,
712,293,40.7140882616396,-73.94940591248245,24789,Other Great Outdoors,2012-06-05 00:19:54+00:00,New York City,Landmarks and Outdoors,Other Great Outdoors,,,,
713,293,40.65016889724004,-73.94957542419434,21907,Neighborhood,2012-06-05 00:20:18+00:00,New York City,Landmarks and Outdoors,States and Municipalities,,,,
714,293,40.65016889724004,-73.94957542419434,21907,Neighborhood,2012-06-05 04:22:16+00:00,New York City,Landmarks and Outdoors,States and Municipalities,,,,
715,293,40.7140882616396,-73.94940591248245,24789,Other Great Outdoors,2012-06-05 04:22:53+00:00,New York City,Landmarks and Outdoors,Other Great Outdoors,,,,
716,293,40.7140882616396,-73.94940591248245,24789,Other Great Outdoors,2012-06-12 00:19:17+00:00,New York City,Landmarks and Outdoors,Other Great Outdoors,,,,
717,293,40.71505590186361,-73.9495034949479,1317,Bakery,2012-06-12 00:20:29+00:00,New York City,Dining and Drinking,Bakery,,,,
718,293,40.65016889724004,-73.94957542419434,21907,Neighborhood,2012-06-12 00:21:45+00:00,New York City,Landmarks and Outdoors,States and Municipalities,,,,
719,293,40.71595073760232,-73.94959533722336,24873,Smoke Shop,2012-06-12 00:22:22+00:00,New York City,Retail,Smoke Shop,,,,
720,293,40.7140882616396,-73.94940591248245,24789,Other Great Outdoors,2012-06-12 05:18:06+00:00,New York City,Landmarks and Outdoors,Other Great Outdoors,,,,
721,293,40.65016889724004,-73.94957542419434,21907,Neighborhood,2012-06-12 06:27:25+00:00,New York City,Landmarks and Outdoors,States and Municipalities,,,,
722,293,40.68990012489897,-73.93075527809141,26212,Chinese Restaurant,2012-06-12 16:35:01+00:00,New York City,Dining and Drinking,Restaurant,,,,
723,293,40.72692705548838,-74.0054904599932,2369,General Entertainment,2012-06-12 17:41:43+00:00,New York City,Arts and Entertainment,General Entertainment,,,,
724,293,40.72648554606392,-74.00508876647187,35262,Office,2012-06-12 17:43:22+00:00,New York City,Dining and Drinking,Cafeteria,,,,
725,293,40.72678506374359,-74.00346747445712,5959,Park,2012-06-26 17:24:49+00:00,New York City,Landmarks and Outdoors,Park,,,,
726,293,40.72692705548838,-74.0054904599932,2369,General Entertainment,2012-06-26 17:38:53+00:00,New York City,Arts and Entertainment,General Entertainment,,,,
727,293,40.72648554606392,-74.00508876647187,35262,Office,2012-06-26 17:46:55+00:00,New York City,Dining and Drinking,Cafeteria,,,,
728,293,40.72678506374359,-74.00346747445712,5959,Park,2012-05-01 17:27:30+00:00,New York City,Landmarks and Outdoors,Park,,,,
729,293,40.726901990216966,-74.00327539665169,18829,Deli / Bodega,2012-05-01 17:28:12+00:00,New York City,Dining and Drinking,Restaurant,,,,
730,293,40.727205,-74.003234,13759,Convenience Store,2012-05-01 17:31:19+00:00,New York City,Retail,Convenience Store,,,,
731,293,40.727035,-74.005569,10353,Paper / Office Supplies Store,2012-05-01 17:36:08+00:00,New York City,Retail,Office Supply Store,,,,
732,293,40.688990291398014,-73.9302787994679,24249,General Travel,2012-05-08 18:15:16+00:00,New York City,Travel and Transportation,General Travel,,,,
733,293,40.70408637926169,-73.9480799340999,30488,General Travel,2012-05-08 18:36:27+00:00,New York City,Travel and Transportation,General Travel,,,,
734,293,40.71430985040704,-73.94939443218914,24789,Other Great Outdoors,2012-05-08 18:58:24+00:00,New York City,Landmarks and Outdoors,Other Great Outdoors,,,,
735,293,40.71595073760232,-73.94959533722336,24873,Smoke Shop,2012-05-08 19:01:23+00:00,New York City,Retail,Smoke Shop,,,,
736,293,40.65016889724004,-73.94957542419434,21907,Neighborhood,2012-05-15 00:16:00+00:00,New York City,Landmarks and Outdoors,States and Municipalities,,,,
737,293,40.71595073760232,-73.94959533722336,24873,Smoke Shop,2012-05-15 00:16:44+00:00,New York City,Retail,Smoke Shop,,,,
738,293,40.65016889724004,-73.94957542419434,21907,Neighborhood,2012-05-15 05:05:37+00:00,New York City,Landmarks and Outdoors,States and Municipalities,,,,
739,293,40.7140882616396,-73.94940591248245,24789,Other Great Outdoors,2012-05-15 05:06:24+00:00,New York City,Landmarks and Outdoors,Other Great Outdoors,,,,
740,293,40.68898174275213,-73.92964157923912,24249,General Travel,2012-05-15 16:39:29+00:00,New York City,Travel and Transportation,General Travel,,,,
741,293,40.72648554606392,-74.00508876647187,35262,Office,2012-05-15 17:29:00+00:00,New York City,Dining and Drinking,Cafeteria,,,,
742,293,40.71595073760232,-73.94959533722336,24873,Smoke Shop,2012-05-22 00:28:09+00:00,New York City,Retail,Smoke Shop,,,,
743,293,40.65016889724004,-73.94957542419434,21907,Neighborhood,2012-05-22 05:44:48+00:00,New York City,Landmarks and Outdoors,States and Municipalities,,,,
744,293,40.7140882616396,-73.94940591248245,24789,Other Great Outdoors,2012-05-22 05:45:17+00:00,New York City,Landmarks and Outdoors,Other Great Outdoors,,,,
745,293,40.7140882616396,-73.94940591248245,24789,Other Great Outdoors,2012-05-29 00:09:42+00:00,New York City,Landmarks and Outdoors,Other Great Outdoors,,,,
746,293,40.65016889724004,-73.94957542419434,21907,Neighborhood,2012-05-29 00:10:39+00:00,New York City,Landmarks and Outdoors,States and Municipalities,,,,
747,293,40.71595073760232,-73.94959533722336,24873,Smoke Shop,2012-05-29 00:11:46+00:00,New York City,Retail,Smoke Shop,,,,
748,293,40.65016889724004,-73.94957542419434,21907,Neighborhood,2012-05-29 04:59:24+00:00,New York City,Landmarks and Outdoors,States and Municipalities,,,,
749,293,40.7140882616396,-73.94940591248245,24789,Other Great Outdoors,2012-05-29 04:59:49+00:00,New York City,Landmarks and Outdoors,Other Great Outdoors,,,,
750,293,40.72678506374359,-74.00346747445712,5959,Park,2012-05-29 17:21:36+00:00,New York City,Landmarks and Outdoors,Park,,,,
751,293,40.72692705548838,-74.0054904599932,2369,General Entertainment,2012-05-29 17:41:04+00:00,New York City,Arts and Entertainment,General Entertainment,,,,
752,293,40.72648554606392,-74.00508876647187,35262,Office,2012-05-29 17:45:56+00:00,New York City,Dining and Drinking,Cafeteria,,,,
753,293,40.68914413452149,-73.9303207397461,36932,Deli / Bodega,2012-10-16 16:29:57+00:00,New York City,Dining and Drinking,Restaurant,,,,
754,293,40.68904527212705,-73.93031898445723,37312,Convenience Store,2012-10-16 16:31:02+00:00,New York City,Retail,Convenience Store,,,,
755,293,40.72678506374359,-74.00346747445712,5959,Park,2012-10-16 17:43:17+00:00,New York City,Landmarks and Outdoors,Park,,,,
756,293,40.72648554606392,-74.00508876647187,35262,Office,2012-10-16 18:34:47+00:00,New York City,Dining and Drinking,Cafeteria,,,,
757,293,40.751575,-73.992015,5917,Department Store,2012-10-23 00:09:19+00:00,New York City,Retail,Department Store,,,,
758,293,40.716069008205125,-73.9497388406914,14297,Deli / Bodega,2012-10-23 00:59:13+00:00,New York City,Dining and Drinking,Restaurant,,,,
759,293,40.7140882616396,-73.94940591248245,24789,Other Great Outdoors,2012-10-23 03:27:34+00:00,New York City,Landmarks and Outdoors,Other Great Outdoors,,,,
760,293,40.71532844619961,-73.94954367594879,36564,General Travel,2012-10-23 03:29:38+00:00,New York City,Travel and Transportation,General Travel,,,,
761,293,40.71532844619961,-73.94954367594879,36564,General Travel,2012-10-23 03:30:15+00:00,New York City,Travel and Transportation,General Travel,,,,
762,293,40.70427317579925,-73.94809715465664,24503,Deli / Bodega,2012-10-23 03:40:09+00:00,New York City,Dining and Drinking,Restaurant,,,,
763,293,40.70427839194181,-73.94789624806582,37337,General Travel,2012-10-23 03:40:48+00:00,New York City,Travel and Transportation,General Travel,,,,
764,293,40.68990012489897,-73.93075527809141,26212,Chinese Restaurant,2012-10-23 16:33:39+00:00,New York City,Dining and Drinking,Restaurant,,,,
765,293,40.68904527212705,-73.93031898445723,37312,Convenience Store,2012-10-23 16:36:17+00:00,New York City,Retail,Convenience Store,,,,
766,293,40.68896799720544,-73.92899861616681,24249,General Travel,2012-10-23 16:37:00+00:00,New York City,Travel and Transportation,General Travel,,,,
767,293,40.72704803712337,-74.00345902982042,13759,Convenience Store,2012-10-23 18:31:28+00:00,New York City,Retail,Convenience Store,,,,
768,293,40.72702212508501,-74.00527813637986,10353,Paper / Office Supplies Store,2012-10-23 18:39:21+00:00,New York City,Retail,Office Supply Store,,,,
769,293,40.72648554606392,-74.00508876647187,35262,Office,2012-10-23 18:57:18+00:00,New York City,Dining and Drinking,Cafeteria,,,,
770,293,40.71430985040704,-73.94939443218914,24789,Other Great Outdoors,2012-04-04 00:19:13+00:00,New York City,Landmarks and Outdoors,Other Great Outdoors,,,,
771,293,40.71362368518315,-73.94971014000632,1031,Bar,2012-04-04 00:19:44+00:00,New York City,Dining and Drinking,Bar,,,,
772,293,40.71595073760232,-73.94959533722336,24873,Smoke Shop,2012-04-04 00:21:12+00:00,New York City,Retail,Smoke Shop,,,,
773,293,40.65016889724004,-73.94957542419434,21907,Neighborhood,2012-04-04 04:53:06+00:00,New York City,Landmarks and Outdoors,States and Municipalities,,,,
774,293,40.71430985040704,-73.94939443218914,24789,Other Great Outdoors,2012-04-04 04:53:36+00:00,New York City,Landmarks and Outdoors,Other Great Outdoors,,,,
775,293,40.68900261661789,-73.9290847274161,24249,General Travel,2012-04-04 16:18:34+00:00,New York City,Travel and Transportation,General Travel,,,,
776,293,40.76780970463516,-73.98184075391674,18258,Electronics Store,2012-04-04 17:40:06+00:00,New York City,Retail,Computers and Electronics Retail,,,,
777,293,40.72678506374359,-74.00346747445712,5959,Park,2012-04-04 18:16:52+00:00,New York City,Landmarks and Outdoors,Park,,,,
778,293,40.727035,-74.005569,10353,Paper / Office Supplies Store,2012-04-04 18:18:19+00:00,New York City,Retail,Office Supply Store,,,,
779,293,40.65016889724004,-73.94957542419434,21907,Neighborhood,2012-04-11 00:12:51+00:00,New York City,Landmarks and Outdoors,States and Municipalities,,,,
780,293,40.65016889724004,-73.94957542419434,21907,Neighborhood,2012-04-11 05:01:05+00:00,New York City,Landmarks and Outdoors,States and Municipalities,,,,
781,293,40.71430985040704,-73.94939443218914,24789,Other Great Outdoors,2012-04-11 05:01:41+00:00,New York City,Landmarks and Outdoors,Other Great Outdoors,,,,
782,293,40.72678506374359,-74.00346747445712,5959,Park,2012-04-11 17:14:54+00:00,New York City,Landmarks and Outdoors,Park,,,,
783,293,40.727205,-74.003234,13759,Convenience Store,2012-04-11 17:16:25+00:00,New York City,Retail,Convenience Store,,,,
784,293,40.726493078250186,-74.00530109029536,2369,General Entertainment,2012-04-11 17:40:14+00:00,New York City,Arts and Entertainment,General Entertainment,,,,
785,293,40.71430985040704,-73.94939443218914,24789,Other Great Outdoors,2012-04-18 00:40:55+00:00,New York City,Landmarks and Outdoors,Other Great Outdoors,,,,
786,293,40.65016889724004,-73.94957542419434,21907,Neighborhood,2012-04-18 00:41:28+00:00,New York City,Landmarks and Outdoors,States and Municipalities,,,,
787,293,40.71595073760232,-73.94959533722336,24873,Smoke Shop,2012-04-18 00:41:48+00:00,New York City,Retail,Smoke Shop,,,,
788,293,40.68900261661789,-73.9290847274161,24249,General Travel,2012-04-18 18:42:37+00:00,New York City,Travel and Transportation,General Travel,,,,
789,293,40.70077022200736,-73.94183451110096,11852,Bank,2012-04-18 19:09:50+00:00,New York City,Business and Professional Services,Financial Service,,,,
790,293,40.70072678937407,-73.94124899236242,7700,Drugstore / Pharmacy,2012-04-18 19:10:54+00:00,New York City,Retail,Pharmacy,,,,
791,293,40.70408637926169,-73.9480799340999,30488,General Travel,2012-04-18 19:34:16+00:00,New York City,Travel and Transportation,General Travel,,,,
792,293,40.71430985040704,-73.94939443218914,24789,Other Great Outdoors,2012-04-18 19:46:24+00:00,New York City,Landmarks and Outdoors,Other Great Outdoors,,,,
793,293,40.65016889724004,-73.94957542419434,21907,Neighborhood,2012-04-18 19:50:02+00:00,New York City,Landmarks and Outdoors,States and Municipalities,,,,
794,293,40.716069008205125,-73.9497388406914,14297,Deli / Bodega,2012-04-18 19:53:42+00:00,New York City,Dining and Drinking,Restaurant,,,,
795,293,40.71595073760232,-73.94959533722336,24873,Smoke Shop,2012-04-18 19:54:07+00:00,New York City,Retail,Smoke Shop,,,,
796,293,40.76387225821386,-73.9777199780318,4664,Smoke Shop,2012-04-18 22:27:55+00:00,New York City,Retail,Smoke Shop,,,,
797,293,40.764366,-73.979733,1630,Bar,2012-04-18 22:28:10+00:00,New York City,Dining and Drinking,Bar,,,,
798,293,40.68908686839873,-73.93024435518471,24249,General Travel,2012-04-25 16:29:44+00:00,New York City,Travel and Transportation,General Travel,,,,
799,293,40.72678506374359,-74.00346747445712,5959,Park,2012-04-25 17:14:28+00:00,New York City,Landmarks and Outdoors,Park,,,,
800,293,40.727205,-74.003234,13759,Convenience Store,2012-04-25 17:16:26+00:00,New York City,Retail,Convenience Store,,,,
801,293,40.727035,-74.005569,10353,Paper / Office Supplies Store,2012-04-25 17:18:45+00:00,New York City,Retail,Office Supply Store,,,,
802,293,40.726493078250186,-74.00530109029536,2369,General Entertainment,2012-04-25 17:38:00+00:00,New York City,Arts and Entertainment,General Entertainment,,,,
803,293,40.726347595238224,-74.00433702347331,3247,Diner,2012-08-15 00:00:29+00:00,New York City,Dining and Drinking,Restaurant,,,,
804,293,40.68914413452149,-73.9303207397461,36932,Deli / Bodega,2012-08-22 16:31:07+00:00,New York City,Dining and Drinking,Restaurant,,,,
805,293,40.68896799720544,-73.92899861616681,24249,General Travel,2012-08-22 16:32:05+00:00,New York City,Travel and Transportation,General Travel,,,,
806,293,40.72678506374359,-74.00346747445712,5959,Park,2012-08-22 17:22:17+00:00,New York City,Landmarks and Outdoors,Park,,,,
807,293,40.7140882616396,-73.94940591248245,24789,Other Great Outdoors,2012-07-04 00:07:35+00:00,New York City,Landmarks and Outdoors,Other Great Outdoors,,,,
808,293,40.716069008205125,-73.9497388406914,14297,Deli / Bodega,2012-07-04 00:09:48+00:00,New York City,Dining and Drinking,Restaurant,,,,
809,293,40.71595073760232,-73.94959533722336,24873,Smoke Shop,2012-07-04 00:10:10+00:00,New York City,Retail,Smoke Shop,,,,
810,293,40.7140882616396,-73.94940591248245,24789,Other Great Outdoors,2012-07-04 03:28:41+00:00,New York City,Landmarks and Outdoors,Other Great Outdoors,,,,
811,293,40.71416030830439,-73.94938295189516,8491,Pizza Place,2012-07-04 03:32:32+00:00,New York City,Dining and Drinking,Restaurant,,,,
812,293,40.70427317579925,-73.94809715465664,24503,Deli / Bodega,2012-07-04 03:46:54+00:00,New York City,Dining and Drinking,Restaurant,,,,
813,293,40.68898174275213,-73.92964157923912,24249,General Travel,2012-07-04 16:20:59+00:00,New York City,Travel and Transportation,General Travel,,,,
814,293,40.68898174275213,-73.92964157923912,24249,General Travel,2012-07-04 17:09:10+00:00,New York City,Travel and Transportation,General Travel,,,,
815,293,40.72678506374359,-74.00346747445712,5959,Park,2012-07-04 17:12:27+00:00,New York City,Landmarks and Outdoors,Park,,,,
816,293,40.726901990216966,-74.00327539665169,18829,Deli / Bodega,2012-07-04 17:14:27+00:00,New York City,Dining and Drinking,Restaurant,,,,
817,293,40.727205,-74.003234,13759,Convenience Store,2012-07-04 17:15:32+00:00,New York City,Retail,Convenience Store,,,,
818,293,40.72174947635632,-73.99350815375443,34164,Other Great Outdoors,2012-07-11 00:12:45+00:00,New York City,Landmarks and Outdoors,Other Great Outdoors,,,,
819,293,40.7140882616396,-73.94940591248245,24789,Other Great Outdoors,2012-07-11 00:14:35+00:00,New York City,Landmarks and Outdoors,Other Great Outdoors,,,,
820,293,40.71416030830439,-73.94938295189516,8491,Pizza Place,2012-07-11 00:15:08+00:00,New York City,Dining and Drinking,Restaurant,,,,
821,293,40.65016889724004,-73.94957542419434,21907,Neighborhood,2012-07-11 00:16:17+00:00,New York City,Landmarks and Outdoors,States and Municipalities,,,,
822,293,40.71595073760232,-73.94959533722336,24873,Smoke Shop,2012-07-11 00:18:42+00:00,New York City,Retail,Smoke Shop,,,,
823,293,40.65016889724004,-73.94957542419434,21907,Neighborhood,2012-07-11 05:03:35+00:00,New York City,Landmarks and Outdoors,States and Municipalities,,,,
824,293,40.7140882616396,-73.94940591248245,24789,Other Great Outdoors,2012-07-11 05:04:47+00:00,New York City,Landmarks and Outdoors,Other Great Outdoors,,,,
825,293,40.714049,-73.949311,26729,Bagel Shop,2012-07-11 05:05:29+00:00,New York City,Dining and Drinking,Bagel Shop,,,,
826,293,40.70427317579925,-73.94809715465664,24503,Deli / Bodega,2012-07-11 05:20:28+00:00,New York City,Dining and Drinking,Restaurant,,,,
827,293,40.68990012489897,-73.93075527809141,26212,Chinese Restaurant,2012-07-11 16:37:09+00:00,New York City,Dining and Drinking,Restaurant,,,,
828,293,40.68896799720544,-73.92899861616681,24249,General Travel,2012-07-11 16:41:33+00:00,New York City,Travel and Transportation,General Travel,,,,
829,293,40.72678506374359,-74.00346747445712,5959,Park,2012-07-11 17:21:08+00:00,New York City,Landmarks and Outdoors,Park,,,,
830,293,40.72730588375829,-74.00550193693856,8861,Donut Shop,2012-07-11 17:24:34+00:00,New York City,Dining and Drinking,Donut Shop,,,,
831,293,40.72702212508501,-74.00527813637986,10353,Paper / Office Supplies Store,2012-07-11 17:26:00+00:00,New York City,Retail,Office Supply Store,,,,
832,293,40.7140882616396,-73.94940591248245,24789,Other Great Outdoors,2012-07-18 00:31:10+00:00,New York City,Landmarks and Outdoors,Other Great Outdoors,,,,
833,293,40.71416030830439,-73.94938295189516,8491,Pizza Place,2012-07-18 00:31:59+00:00,New York City,Dining and Drinking,Restaurant,,,,
834,293,40.71505590186361,-73.9495034949479,1317,Bakery,2012-07-18 00:32:30+00:00,New York City,Dining and Drinking,Bakery,,,,
835,293,40.71595073760232,-73.94959533722336,24873,Smoke Shop,2012-07-18 00:35:45+00:00,New York City,Retail,Smoke Shop,,,,
836,293,40.71595073760232,-73.94959533722336,24873,Smoke Shop,2012-07-18 00:35:47+00:00,New York City,Retail,Smoke Shop,,,,
837,293,40.68990012489897,-73.93075527809141,26212,Chinese Restaurant,2012-07-18 16:46:25+00:00,New York City,Dining and Drinking,Restaurant,,,,
838,293,40.68896799720544,-73.92899861616681,24249,General Travel,2012-07-18 16:52:49+00:00,New York City,Travel and Transportation,General Travel,,,,
839,293,40.72678506374359,-74.00346747445712,5959,Park,2012-07-18 17:42:17+00:00,New York City,Landmarks and Outdoors,Park,,,,
840,293,40.72702212508501,-74.00527813637986,10353,Paper / Office Supplies Store,2012-07-18 17:43:48+00:00,New York City,Retail,Office Supply Store,,,,
841,293,40.72692705548838,-74.0054904599932,2369,General Entertainment,2012-07-18 20:50:26+00:00,New York City,Arts and Entertainment,General Entertainment,,,,
842,293,40.72648554606392,-74.00508876647187,35262,Office,2012-07-18 21:23:14+00:00,New York City,Dining and Drinking,Cafeteria,,,,
843,293,40.68898174275213,-73.92964157923912,24249,General Travel,2012-06-06 16:38:38+00:00,New York City,Travel and Transportation,General Travel,,,,
844,293,40.68898174275213,-73.92964157923912,24249,General Travel,2012-06-06 16:39:25+00:00,New York City,Travel and Transportation,General Travel,,,,
845,293,40.72678506374359,-74.00346747445712,5959,Park,2012-06-06 17:16:12+00:00,New York City,Landmarks and Outdoors,Park,,,,
846,293,40.72692705548838,-74.0054904599932,2369,General Entertainment,2012-06-06 21:15:20+00:00,New York City,Arts and Entertainment,General Entertainment,,,,
847,293,40.72648554606392,-74.00508876647187,35262,Office,2012-06-06 21:22:30+00:00,New York City,Dining and Drinking,Cafeteria,,,,
848,293,40.7140882616396,-73.94940591248245,24789,Other Great Outdoors,2012-06-13 00:24:50+00:00,New York City,Landmarks and Outdoors,Other Great Outdoors,,,,
849,293,40.65016889724004,-73.94957542419434,21907,Neighborhood,2012-06-13 00:25:33+00:00,New York City,Landmarks and Outdoors,States and Municipalities,,,,
850,293,40.65016889724004,-73.94957542419434,21907,Neighborhood,2012-06-13 04:10:08+00:00,New York City,Landmarks and Outdoors,States and Municipalities,,,,
851,293,40.7140882616396,-73.94940591248245,24789,Other Great Outdoors,2012-06-13 04:10:59+00:00,New York City,Landmarks and Outdoors,Other Great Outdoors,,,,
852,293,40.68898174275213,-73.92964157923912,24249,General Travel,2012-06-13 16:36:21+00:00,New York City,Travel and Transportation,General Travel,,,,
853,293,40.72678506374359,-74.00346747445712,5959,Park,2012-06-13 17:24:57+00:00,New York City,Landmarks and Outdoors,Park,,,,
854,293,40.72648554606392,-74.00508876647187,35262,Office,2012-06-13 18:08:09+00:00,New York City,Dining and Drinking,Cafeteria,,,,
855,293,40.7140882616396,-73.94940591248245,24789,Other Great Outdoors,2012-06-27 00:23:59+00:00,New York City,Landmarks and Outdoors,Other Great Outdoors,,,,
856,293,40.65016889724004,-73.94957542419434,21907,Neighborhood,2012-06-27 00:25:12+00:00,New York City,Landmarks and Outdoors,States and Municipalities,,,,
857,293,40.71595073760232,-73.94959533722336,24873,Smoke Shop,2012-06-27 00:27:08+00:00,New York City,Retail,Smoke Shop,,,,
858,293,40.65016889724004,-73.94957542419434,21907,Neighborhood,2012-06-27 03:31:26+00:00,New York City,Landmarks and Outdoors,States and Municipalities,,,,
859,293,40.7140882616396,-73.94940591248245,24789,Other Great Outdoors,2012-06-27 03:32:24+00:00,New York City,Landmarks and Outdoors,Other Great Outdoors,,,,
860,293,40.68898174275213,-73.92964157923912,24249,General Travel,2012-06-27 16:47:11+00:00,New York City,Travel and Transportation,General Travel,,,,
861,293,40.71430985040704,-73.94939443218914,24789,Other Great Outdoors,2012-05-02 00:27:27+00:00,New York City,Landmarks and Outdoors,Other Great Outdoors,,,,
862,293,40.71595073760232,-73.94959533722336,24873,Smoke Shop,2012-05-02 00:28:53+00:00,New York City,Retail,Smoke Shop,,,,
863,293,40.65016889724004,-73.94957542419434,21907,Neighborhood,2012-05-02 06:28:53+00:00,New York City,Landmarks and Outdoors,States and Municipalities,,,,
864,293,40.71430985040704,-73.94939443218914,24789,Other Great Outdoors,2012-05-02 06:29:41+00:00,New York City,Landmarks and Outdoors,Other Great Outdoors,,,,
865,293,40.65016889724004,-73.94957542419434,21907,Neighborhood,2012-05-09 05:26:03+00:00,New York City,Landmarks and Outdoors,States and Municipalities,,,,
866,293,40.7140882616396,-73.94940591248245,24789,Other Great Outdoors,2012-05-09 05:28:18+00:00,New York City,Landmarks and Outdoors,Other Great Outdoors,,,,
867,293,40.688990291398014,-73.9302787994679,24249,General Travel,2012-05-09 15:55:50+00:00,New York City,Travel and Transportation,General Travel,,,,
868,293,40.7140882616396,-73.94940591248245,24789,Other Great Outdoors,2012-05-16 00:22:47+00:00,New York City,Landmarks and Outdoors,Other Great Outdoors,,,,
869,293,40.71595073760232,-73.94959533722336,24873,Smoke Shop,2012-05-16 00:23:49+00:00,New York City,Retail,Smoke Shop,,,,
870,293,40.65016889724004,-73.94957542419434,21907,Neighborhood,2012-05-16 04:31:37+00:00,New York City,Landmarks and Outdoors,States and Municipalities,,,,
871,293,40.7140882616396,-73.94940591248245,24789,Other Great Outdoors,2012-05-16 04:32:33+00:00,New York City,Landmarks and Outdoors,Other Great Outdoors,,,,
872,293,40.68898174275213,-73.92964157923912,24249,General Travel,2012-05-16 16:49:39+00:00,New York City,Travel and Transportation,General Travel,,,,
873,293,40.68898174275213,-73.92964157923912,24249,General Travel,2012-05-23 16:38:04+00:00,New York City,Travel and Transportation,General Travel,,,,
874,293,40.72678506374359,-74.00346747445712,5959,Park,2012-05-23 17:17:25+00:00,New York City,Landmarks and Outdoors,Park,,,,
875,293,40.72692705548838,-74.0054904599932,2369,General Entertainment,2012-05-23 17:52:30+00:00,New York City,Arts and Entertainment,General Entertainment,,,,
876,293,40.7140882616396,-73.94940591248245,24789,Other Great Outdoors,2012-05-30 00:17:33+00:00,New York City,Landmarks and Outdoors,Other Great Outdoors,,,,
877,293,40.65016889724004,-73.94957542419434,21907,Neighborhood,2012-05-30 00:18:28+00:00,New York City,Landmarks and Outdoors,States and Municipalities,,,,
878,293,40.65016889724004,-73.94957542419434,21907,Neighborhood,2012-05-30 03:25:53+00:00,New York City,Landmarks and Outdoors,States and Municipalities,,,,
879,293,40.7140882616396,-73.94940591248245,24789,Other Great Outdoors,2012-05-30 03:26:54+00:00,New York City,Landmarks and Outdoors,Other Great Outdoors,,,,
880,293,40.68896799720544,-73.92899861616681,24249,General Travel,2012-10-03 16:36:35+00:00,New York City,Travel and Transportation,General Travel,,,,
881,293,40.68896799720544,-73.92899861616681,24249,General Travel,2012-10-03 16:38:05+00:00,New York City,Travel and Transportation,General Travel,,,,
882,293,40.72704803712337,-74.00345902982042,13759,Convenience Store,2012-10-03 17:15:43+00:00,New York City,Retail,Convenience Store,,,,
883,293,40.72702212508501,-74.00527813637986,10353,Paper / Office Supplies Store,2012-10-03 17:28:09+00:00,New York City,Retail,Office Supply Store,,,,
884,293,40.72692705548838,-74.0054904599932,2369,General Entertainment,2012-10-03 17:38:38+00:00,New York City,Arts and Entertainment,General Entertainment,,,,
885,293,40.72648554606392,-74.00508876647187,35262,Office,2012-10-03 18:09:18+00:00,New York City,Dining and Drinking,Cafeteria,,,,
886,293,40.71430292374222,-73.94942887306698,24789,Other Great Outdoors,2012-10-24 00:25:25+00:00,New York City,Landmarks and Outdoors,Other Great Outdoors,,,,
887,293,40.71416030830439,-73.94938295189516,8491,Pizza Place,2012-10-24 00:26:13+00:00,New York City,Dining and Drinking,Restaurant,,,,
888,293,40.71505590186361,-73.9495034949479,1317,Bakery,2012-10-24 00:27:04+00:00,New York City,Dining and Drinking,Bakery,,,,
889,293,40.716069008205125,-73.9497388406914,14297,Deli / Bodega,2012-10-24 00:28:02+00:00,New York City,Dining and Drinking,Restaurant,,,,
890,293,40.71430292374222,-73.94942887306698,24789,Other Great Outdoors,2012-10-24 03:25:59+00:00,New York City,Landmarks and Outdoors,Other Great Outdoors,,,,
891,293,40.71532844619961,-73.94954367594879,36564,General Travel,2012-10-24 03:26:19+00:00,New York City,Travel and Transportation,General Travel,,,,
892,293,40.71532844619961,-73.94954367594879,36564,General Travel,2012-10-24 03:26:43+00:00,New York City,Travel and Transportation,General Travel,,,,
893,293,40.70427317579925,-73.94809715465664,24503,Deli / Bodega,2012-10-24 03:38:06+00:00,New York City,Dining and Drinking,Restaurant,,,,
894,293,40.68990012489897,-73.93075527809141,26212,Chinese Restaurant,2012-10-24 16:36:40+00:00,New York City,Dining and Drinking,Restaurant,,,,
895,293,40.68904527212705,-73.93031898445723,37312,Convenience Store,2012-10-24 16:39:05+00:00,New York City,Retail,Convenience Store,,,,
896,293,40.68896799720544,-73.92899861616681,24249,General Travel,2012-10-24 16:40:43+00:00,New York City,Travel and Transportation,General Travel,,,,
897,293,40.72678506374359,-74.00346747445712,5959,Park,2012-10-24 17:16:20+00:00,New York City,Landmarks and Outdoors,Park,,,,
898,293,40.72702212508501,-74.00527813637986,10353,Paper / Office Supplies Store,2012-10-24 17:20:22+00:00,New York City,Retail,Office Supply Store,,,,
899,293,40.72692705548838,-74.0054904599932,2369,General Entertainment,2012-10-24 17:33:14+00:00,New York City,Arts and Entertainment,General Entertainment,,,,
900,293,40.72648554606392,-74.00508876647187,35262,Office,2012-10-24 17:33:45+00:00,New York City,Dining and Drinking,Cafeteria,,,,
901,293,40.68990012489897,-73.93075527809141,26212,Chinese Restaurant,2012-09-05 16:40:19+00:00,New York City,Dining and Drinking,Restaurant,,,,
902,293,40.68896799720544,-73.92899861616681,24249,General Travel,2012-09-05 16:42:21+00:00,New York City,Travel and Transportation,General Travel,,,,
903,293,40.68896799720544,-73.92899861616681,24249,General Travel,2012-09-05 16:42:54+00:00,New York City,Travel and Transportation,General Travel,,,,
904,293,40.72678506374359,-74.00346747445712,5959,Park,2012-09-05 18:08:20+00:00,New York City,Landmarks and Outdoors,Park,,,,
905,293,40.72702212508501,-74.00527813637986,10353,Paper / Office Supplies Store,2012-09-05 18:56:01+00:00,New York City,Retail,Office Supply Store,,,,
906,293,40.72692705548838,-74.0054904599932,2369,General Entertainment,2012-09-05 19:19:01+00:00,New York City,Arts and Entertainment,General Entertainment,,,,
907,293,40.72678506374359,-74.00346747445712,5959,Park,2012-09-12 17:38:35+00:00,New York City,Landmarks and Outdoors,Park,,,,
908,293,40.72702212508501,-74.00527813637986,10353,Paper / Office Supplies Store,2012-09-12 17:49:40+00:00,New York City,Retail,Office Supply Store,,,,
909,293,40.72692705548838,-74.0054904599932,2369,General Entertainment,2012-09-12 18:03:20+00:00,New York City,Arts and Entertainment,General Entertainment,,,,
910,293,40.72648554606392,-74.00508876647187,35262,Office,2012-09-12 18:04:01+00:00,New York City,Dining and Drinking,Cafeteria,,,,
911,293,40.68904527212705,-73.93031898445723,37312,Convenience Store,2012-10-31 18:00:09+00:00,,Retail,Convenience Store,1.0,0.0,nyc,Return
912,293,40.70408637926169,-73.9480799340999,30488,General Travel,2012-10-31 18:00:09+00:00,,Travel and Transportation,General Travel,1.0,0.0,nyc,Return
913,293,40.70281423588066,-73.93370023445638,24515,Italian Restaurant,2012-10-31 18:00:09+00:00,,Dining and Drinking,Restaurant,1.0,0.0,nyc,Explore
914,293,40.718468,-73.952619,16733,Other Great Outdoors,2012-10-31 18:00:09+00:00,,Landmarks and Outdoors,Other Great Outdoors,1.0,0.0,nyc,Explore
915,293,40.68990012489897,-73.93075527809141,26212,Chinese Restaurant,2012-10-31 18:00:09+00:00,,Dining and Drinking,Restaurant,1.0,0.0,nyc,Return
916,293,40.71505590186361,-73.9495034949479,1317,Bakery,2012-10-31 18:00:09+00:00,,Dining and Drinking,Bakery,1.0,0.0,nyc,Return
917,293,40.71441897635021,-73.94948053437223,8491,Pizza Place,2012-10-31 18:00:09+00:00,,Dining and Drinking,Restaurant,1.0,0.0,nyc,Return
918,293,40.767701984777474,-73.98254667184153,5159,Smoke Shop,2012-10-31 18:00:09+00:00,,Retail,Smoke Shop,1.0,0.0,nyc,Return
919,293,40.68900261661789,-73.9290847274161,24249,General Travel,2012-11-01 18:00:09+00:00,,Travel and Transportation,General Travel,2.0,0.0,nyc,Return
920,293,40.68990012489897,-73.93075527809141,26212,Chinese Restaurant,2012-11-01 18:00:09+00:00,,Dining and Drinking,Restaurant,2.0,0.0,nyc,Return
921,293,40.71610886348951,-73.95280978937265,19532,Church,2012-11-01 18:00:09+00:00,,Community and Government,Spiritual Center,2.0,0.0,nyc,Return
922,293,40.716069008205125,-73.9497388406914,14297,Deli / Bodega,2012-11-01 18:00:09+00:00,,Dining and Drinking,Restaurant,2.0,0.0,nyc,Return
923,293,40.68900261661789,-73.9290847274161,24249,General Travel,2012-11-01 18:00:09+00:00,,Travel and Transportation,General Travel,2.0,0.0,nyc,Return
924,293,40.71430985040704,-73.94939443218914,24789,Other Great Outdoors,2012-11-01 18:00:09+00:00,,Landmarks and Outdoors,Other Great Outdoors,2.0,0.0,nyc,Return
925,293,40.70427317579925,-73.94809715465664,24503,Deli / Bodega,2012-11-01 18:00:09+00:00,,Dining and Drinking,Restaurant,2.0,0.0,nyc,Return
926,293,40.71505590186361,-73.9495034949479,1317,Bakery,2012-11-01 18:00:09+00:00,,Dining and Drinking,Bakery,2.0,0.0,nyc,Return
927,293,40.71441897635021,-73.94948053437223,8491,Pizza Place,2012-11-05 18:00:09+00:00,,Dining and Drinking,Restaurant,6.0,0.0,nyc,Rec
928,293,40.72678506374359,-74.00346747445712,5959,Park,2012-11-05 18:00:09+00:00,,Landmarks and Outdoors,Park,6.0,0.0,nyc,Return
929,293,40.68904527212705,-73.93031898445723,37312,Convenience Store,2012-11-05 18:00:09+00:00,,Retail,Convenience Store,6.0,0.0,nyc,Return
930,293,40.727035,-74.005569,10353,Paper / Office Supplies Store,2012-11-05 18:00:09+00:00,,Retail,Office Supply Store,6.0,0.0,nyc,Return
931,293,40.716069008205125,-73.9497388406914,14297,Deli / Bodega,2012-11-06 18:00:09+00:00,,Dining and Drinking,Restaurant,7.0,1.0,nyc,Return
932,293,40.71595073760232,-73.94959533722336,24873,Smoke Shop,2012-11-06 18:00:09+00:00,,Retail,Smoke Shop,7.0,1.0,nyc,Return
933,293,40.71596444806454,-73.95324468612671,34365,General Entertainment,2012-11-06 18:00:09+00:00,,Arts and Entertainment,General Entertainment,7.0,1.0,nyc,Rec
934,293,40.72648554606392,-74.00508876647187,35262,Office,2012-11-06 18:00:09+00:00,,Dining and Drinking,Cafeteria,7.0,1.0,nyc,Rec
935,293,40.75077058041354,-73.98711498854381,7291,Drugstore / Pharmacy,2012-11-06 18:00:09+00:00,,Retail,Pharmacy,7.0,1.0,nyc,Rec
936,293,40.71430985040704,-73.94939443218914,24789,Other Great Outdoors,2012-11-06 18:00:09+00:00,,Landmarks and Outdoors,Other Great Outdoors,7.0,1.0,nyc,Return
937,293,40.68900261661789,-73.9290847274161,24249,General Travel,2012-11-06 18:00:09+00:00,,Travel and Transportation,General Travel,7.0,1.0,nyc,Return
938,293,40.716069008205125,-73.9497388406914,14297,Deli / Bodega,2012-11-06 18:00:09+00:00,,Dining and Drinking,Restaurant,7.0,1.0,nyc,Return
939,293,40.68900261661789,-73.9290847274161,24249,General Travel,2012-11-06 18:00:09+00:00,,Travel and Transportation,General Travel,7.0,1.0,nyc,Return
940,293,40.68679893275108,-73.97814468603534,35793,General Entertainment,2012-11-06 18:00:09+00:00,,Arts and Entertainment,General Entertainment,7.0,1.0,nyc,Explore
941,293,40.68990012489897,-73.93075527809141,26212,Chinese Restaurant,2012-11-07 18:00:09+00:00,,Dining and Drinking,Restaurant,8.0,1.0,nyc,Return
942,293,40.68900261661789,-73.9290847274161,24249,General Travel,2012-11-07 18:00:09+00:00,,Travel and Transportation,General Travel,8.0,1.0,nyc,Return
943,293,40.676851402943775,-73.95570849054509,17826,Other Great Outdoors,2012-11-07 18:00:09+00:00,,Landmarks and Outdoors,Other Great Outdoors,8.0,1.0,nyc,Explore
944,293,40.716069008205125,-73.9497388406914,14297,Deli / Bodega,2012-11-07 18:00:09+00:00,,Dining and Drinking,Restaurant,8.0,1.0,nyc,Rec
945,293,40.67284344395805,-73.87066384993089,21375,Chinese Restaurant,2012-11-07 18:00:09+00:00,,Dining and Drinking,Restaurant,8.0,1.0,nyc,Rec
946,293,40.68900261661789,-73.9290847274161,24249,General Travel,2012-11-07 18:00:09+00:00,,Travel and Transportation,General Travel,8.0,1.0,nyc,Return
947,293,40.71532844619961,-73.94954367594879,36564,General Travel,2012-11-07 18:00:09+00:00,,Travel and Transportation,General Travel,8.0,1.0,nyc,Return
948,293,40.71441897635021,-73.94948053437223,8491,Pizza Place,2012-11-07 18:00:09+00:00,,Dining and Drinking,Restaurant,8.0,1.0,nyc,Return
949,293,40.70408637926169,-73.9480799340999,30488,General Travel,2012-11-07 18:00:09+00:00,,Travel and Transportation,General Travel,8.0,1.0,nyc,Return
950,293,40.70427317579925,-73.94809715465664,24503,Deli / Bodega,2012-11-07 18:00:09+00:00,,Dining and Drinking,Restaurant,8.0,1.0,nyc,Rec
951,293,40.697628,-73.929578,34298,Convenience Store,2012-11-07 18:00:09+00:00,,Retail,Convenience Store,8.0,1.0,nyc,Explore
952,293,40.68900261661789,-73.9290847274161,24249,General Travel,2012-11-07 18:00:09+00:00,,Travel and Transportation,General Travel,8.0,1.0,nyc,Return
953,293,40.727035,-74.005569,10353,Paper / Office Supplies Store,2012-11-07 18:00:09+00:00,,Retail,Office Supply Store,8.0,1.0,nyc,Return
954,293,40.72207736028288,-74.00357097387314,241,French Restaurant,2012-11-09 18:00:09+00:00,,Dining and Drinking,Restaurant,10.0,1.0,nyc,Explore
955,293,40.727205,-74.003234,13759,Convenience Store,2012-11-09 18:00:09+00:00,,Retail,Convenience Store,10.0,1.0,nyc,Rec
956,293,40.68900261661789,-73.9290847274161,24249,General Travel,2012-11-09 18:00:09+00:00,,Travel and Transportation,General Travel,10.0,1.0,nyc,Return
957,293,40.726493078250186,-74.00530109029536,2369,General Entertainment,2012-11-09 18:00:09+00:00,,Arts and Entertainment,General Entertainment,10.0,1.0,nyc,Return
958,293,40.71430985040704,-73.94939443218914,24789,Other Great Outdoors,2012-11-10 18:00:09+00:00,,Landmarks and Outdoors,Other Great Outdoors,11.0,1.0,nyc,Return
959,293,40.71441897635021,-73.94948053437223,8491,Pizza Place,2012-11-10 18:00:09+00:00,,Dining and Drinking,Restaurant,11.0,1.0,nyc,Return
960,293,40.71595073760232,-73.94959533722336,24873,Smoke Shop,2012-11-10 18:00:09+00:00,,Retail,Smoke Shop,11.0,1.0,nyc,Return
961,293,40.71430985040704,-73.94939443218914,24789,Other Great Outdoors,2012-11-11 18:00:09+00:00,,Landmarks and Outdoors,Other Great Outdoors,12.0,1.0,nyc,Return
962,293,40.70408637926169,-73.9480799340999,30488,General Travel,2012-11-11 18:00:09+00:00,,Travel and Transportation,General Travel,12.0,1.0,nyc,Return
963,293,40.716069008205125,-73.9497388406914,14297,Deli / Bodega,2012-11-11 18:00:09+00:00,,Dining and Drinking,Restaurant,12.0,1.0,nyc,Return
964,293,40.68990012489897,-73.93075527809141,26212,Chinese Restaurant,2012-11-11 18:00:09+00:00,,Dining and Drinking,Restaurant,12.0,1.0,nyc,Return
965,293,40.68900261661789,-73.9290847274161,24249,General Travel,2012-11-11 18:00:09+00:00,,Travel and Transportation,General Travel,12.0,1.0,nyc,Return
966,293,40.72678506374359,-74.00346747445712,5959,Park,2012-11-11 18:00:09+00:00,,Landmarks and Outdoors,Park,12.0,1.0,nyc,Return
967,293,40.726493078250186,-74.00530109029536,2369,General Entertainment,2012-11-11 18:00:09+00:00,,Arts and Entertainment,General Entertainment,12.0,1.0,nyc,Return
968,293,40.72648554606392,-74.00508876647187,35262,Office,2012-11-11 18:00:09+00:00,,Dining and Drinking,Cafeteria,12.0,1.0,nyc,Return
969,293,40.71430985040704,-73.94939443218914,24789,Other Great Outdoors,2012-11-12 18:00:09+00:00,,Landmarks and Outdoors,Other Great Outdoors,13.0,1.0,nyc,Return
970,293,40.72154512476467,-73.98884242671608,11466,Italian Restaurant,2012-11-12 18:00:09+00:00,,Dining and Drinking,Restaurant,13.0,1.0,nyc,Rec
971,293,40.71595073760232,-73.94959533722336,24873,Smoke Shop,2012-11-12 18:00:09+00:00,,Retail,Smoke Shop,13.0,1.0,nyc,Return
972,293,40.71430985040704,-73.94939443218914,24789,Other Great Outdoors,2012-11-12 18:00:09+00:00,,Landmarks and Outdoors,Other Great Outdoors,13.0,1.0,nyc,Rec
973,293,40.68900261661789,-73.9290847274161,24249,General Travel,2012-11-12 18:00:09+00:00,,Travel and Transportation,General Travel,13.0,1.0,nyc,Return
974,293,40.6931422411554,-73.93023287375563,22089,General Travel,2012-11-12 18:00:09+00:00,,Travel and Transportation,General Travel,13.0,1.0,nyc,Explore
975,293,40.719107,-73.945468,3903,Pizza Place,2012-11-12 18:00:09+00:00,,Dining and Drinking,Restaurant,13.0,1.0,nyc,Return
976,293,40.71532844619961,-73.94954367594879,36564,General Travel,2012-11-12 18:00:09+00:00,,Travel and Transportation,General Travel,13.0,1.0,nyc,Return
977,293,40.727297,-74.005485,4779,Sandwich Place,2012-11-12 18:00:09+00:00,,Dining and Drinking,Restaurant,13.0,1.0,nyc,Return
978,293,40.725963,-74.000592,30136,Cosmetics Shop,2012-11-12 18:00:09+00:00,,Retail,Cosmetics Store,13.0,1.0,nyc,Explore
979,293,40.70408637926169,-73.9480799340999,30488,General Travel,2012-11-12 18:00:09+00:00,,Travel and Transportation,General Travel,13.0,1.0,nyc,Return
980,293,40.716069008205125,-73.9497388406914,14297,Deli / Bodega,2012-11-12 18:00:09+00:00,,Dining and Drinking,Restaurant,13.0,1.0,nyc,Rec
981,293,40.71430985040704,-73.94939443218914,24789,Other Great Outdoors,2012-11-12 18:00:09+00:00,,Landmarks and Outdoors,Other Great Outdoors,13.0,1.0,nyc,Return
982,293,40.71441897635021,-73.94948053437223,8491,Pizza Place,2012-11-12 18:00:09+00:00,,Dining and Drinking,Restaurant,13.0,1.0,nyc,Return
983,293,40.71595073760232,-73.94959533722336,24873,Smoke Shop,2012-11-12 18:00:09+00:00,,Retail,Smoke Shop,13.0,1.0,nyc,Return
984,293,40.68900261661789,-73.9290847274161,24249,General Travel,2012-11-13 18:00:09+00:00,,Travel and Transportation,General Travel,14.0,2.0,nyc,Return
985,293,40.70408637926169,-73.9480799340999,30488,General Travel,2012-11-13 18:00:09+00:00,,Travel and Transportation,General Travel,14.0,2.0,nyc,Return
986,293,40.727297,-74.005485,4779,Sandwich Place,2012-11-13 18:00:09+00:00,,Dining and Drinking,Restaurant,14.0,2.0,nyc,Return
987,293,40.73811372290695,-74.0019670052254,1624,Mexican Restaurant,2012-11-13 18:00:09+00:00,,Dining and Drinking,Restaurant,14.0,2.0,nyc,Explore
988,293,40.72659915345058,-73.99172910762971,32107,Convenience Store,2012-11-13 18:00:09+00:00,,Retail,Convenience Store,14.0,2.0,nyc,Explore
989,293,40.68900261661789,-73.9290847274161,24249,General Travel,2012-11-13 18:00:09+00:00,,Travel and Transportation,General Travel,14.0,2.0,nyc,Return
990,293,40.72678506374359,-74.00346747445712,5959,Park,2012-11-15 18:00:09+00:00,,Landmarks and Outdoors,Park,16.0,2.0,nyc,Return
991,293,40.727035,-74.005569,10353,Paper / Office Supplies Store,2012-11-15 18:00:09+00:00,,Retail,Office Supply Store,16.0,2.0,nyc,Return
992,293,40.74023847141217,-73.99228003980646,5840,General Entertainment,2012-11-15 18:00:09+00:00,,Arts and Entertainment,General Entertainment,16.0,2.0,nyc,Explore
993,293,40.72648554606392,-74.00508876647187,35262,Office,2012-11-15 18:00:09+00:00,,Dining and Drinking,Cafeteria,16.0,2.0,nyc,Return
994,293,40.71430985040704,-73.94939443218914,24789,Other Great Outdoors,2012-11-16 18:00:09+00:00,,Landmarks and Outdoors,Other Great Outdoors,17.0,2.0,nyc,Return
995,293,40.71441897635021,-73.94948053437223,8491,Pizza Place,2012-11-16 18:00:09+00:00,,Dining and Drinking,Restaurant,17.0,2.0,nyc,Return
996,293,40.68990012489897,-73.93075527809141,26212,Chinese Restaurant,2012-11-16 18:00:09+00:00,,Dining and Drinking,Restaurant,17.0,2.0,nyc,Return
997,293,40.71595073760232,-73.94959533722336,24873,Smoke Shop,2012-11-16 18:00:09+00:00,,Retail,Smoke Shop,17.0,2.0,nyc,Return
998,293,40.743527,-73.973873,5102,Bagel Shop,2012-11-16 18:00:09+00:00,,Dining and Drinking,Bagel Shop,17.0,2.0,nyc,Rec
999,293,40.67305212308403,-73.86957277807495,19390,Pizza Place,2012-11-16 18:00:09+00:00,,Dining and Drinking,Restaurant,17.0,2.0,nyc,Rec
1000,293,40.68900261661789,-73.9290847274161,24249,General Travel,2012-11-16 18:00:09+00:00,,Travel and Transportation,General Travel,17.0,2.0,nyc,Return
1001,293,40.68990012489897,-73.93075527809141,26212,Chinese Restaurant,2012-11-16 18:00:09+00:00,,Dining and Drinking,Restaurant,17.0,2.0,nyc,Rec
1002,293,40.69050658427037,-73.933539497251,27700,Deli / Bodega,2012-11-16 18:00:09+00:00,,Dining and Drinking,Restaurant,17.0,2.0,nyc,Rec
1003,293,40.68900261661789,-73.9290847274161,24249,General Travel,2012-11-16 18:00:09+00:00,,Travel and Transportation,General Travel,17.0,2.0,nyc,Return
1004,293,40.72678506374359,-74.00346747445712,5959,Park,2012-11-16 18:00:09+00:00,,Landmarks and Outdoors,Park,17.0,2.0,nyc,Return
1005,293,40.727035,-74.005569,10353,Paper / Office Supplies Store,2012-11-16 18:00:09+00:00,,Retail,Office Supply Store,17.0,2.0,nyc,Return
1006,293,40.726493078250186,-74.00530109029536,2369,General Entertainment,2012-11-16 18:00:09+00:00,,Arts and Entertainment,General Entertainment,17.0,2.0,nyc,Return
1007,293,40.72648554606392,-74.00508876647187,35262,Office,2012-11-16 18:00:09+00:00,,Dining and Drinking,Cafeteria,17.0,2.0,nyc,Rec
1008,293,40.71786766488022,-74.01040826800532,16097,Other Great Outdoors,2012-11-17 18:00:09+00:00,,Landmarks and Outdoors,Other Great Outdoors,18.0,2.0,nyc,Explore
1009,293,40.716069008205125,-73.9497388406914,14297,Deli / Bodega,2012-11-17 18:00:09+00:00,,Dining and Drinking,Restaurant,18.0,2.0,nyc,Return
1010,293,40.71505590186361,-73.9495034949479,1317,Bakery,2012-11-17 18:00:09+00:00,,Dining and Drinking,Bakery,18.0,2.0,nyc,Rec
1011,293,40.71518623049071,-73.95031859361784,7465,Food & Drink Shop,2012-11-17 18:00:09+00:00,,Retail,Food and Beverage Retail,18.0,2.0,nyc,Explore
1012,293,40.732733511512414,-73.96397959460232,35501,Other Great Outdoors,2012-11-17 18:00:09+00:00,,Landmarks and Outdoors,Other Great Outdoors,18.0,2.0,nyc,Rec
1013,293,40.714049,-73.949311,26729,Bagel Shop,2012-11-17 18:00:09+00:00,,Dining and Drinking,Bagel Shop,18.0,2.0,nyc,Return
1014,293,40.72051538070125,-73.94437173850456,12430,Gas Station / Garage,2012-11-17 18:00:09+00:00,,Travel and Transportation,Fuel Station,18.0,2.0,nyc,Explore
1015,293,40.68990012489897,-73.93075527809141,26212,Chinese Restaurant,2012-11-17 18:00:09+00:00,,Dining and Drinking,Restaurant,18.0,2.0,nyc,Return
1016,293,40.69054151282002,-73.93374615934772,28351,Laundry Service,2012-11-17 18:00:09+00:00,,Business and Professional Services,Laundry Service,18.0,2.0,nyc,Rec
1017,293,40.727205,-74.003234,13759,Convenience Store,2012-11-17 18:00:09+00:00,,Retail,Convenience Store,18.0,2.0,nyc,Return
1018,293,40.690652,-73.92427,11278,Food & Drink Shop,2012-11-17 18:00:09+00:00,,Retail,Food and Beverage Retail,18.0,2.0,nyc,Return
1019,293,40.70427317579925,-73.94809715465664,24503,Deli / Bodega,2012-11-17 18:00:09+00:00,,Dining and Drinking,Restaurant,18.0,2.0,nyc,Return
1020,293,40.69543885215326,-73.94729352704111,23675,Other Great Outdoors,2012-11-17 18:00:09+00:00,,Landmarks and Outdoors,Other Great Outdoors,18.0,2.0,nyc,Explore
1021,293,40.71505590186361,-73.9495034949479,1317,Bakery,2012-11-17 18:00:09+00:00,,Dining and Drinking,Bakery,18.0,2.0,nyc,Return
1022,293,40.716069008205125,-73.9497388406914,14297,Deli / Bodega,2012-11-17 18:00:09+00:00,,Dining and Drinking,Restaurant,18.0,2.0,nyc,Return
1023,293,40.74322529020578,-73.97227764129639,20342,Other Great Outdoors,2012-11-18 18:00:09+00:00,,Landmarks and Outdoors,Other Great Outdoors,19.0,2.0,nyc,Explore
1024,293,40.765582,-73.977672,35825,General Travel,2012-11-18 18:00:09+00:00,,Travel and Transportation,General Travel,19.0,2.0,nyc,Explore
1025,293,40.70427839194181,-73.94789624806582,37337,General Travel,2012-11-18 18:00:09+00:00,,Travel and Transportation,General Travel,19.0,2.0,nyc,Return
1026,293,40.716069008205125,-73.9497388406914,14297,Deli / Bodega,2012-11-18 18:00:09+00:00,,Dining and Drinking,Restaurant,19.0,2.0,nyc,Return
1027,293,40.70408637926169,-73.9480799340999,30488,General Travel,2012-11-18 18:00:09+00:00,,Travel and Transportation,General Travel,19.0,2.0,nyc,Return
1028,293,40.70089267751393,-73.94232244203052,17759,Fast Food Restaurant,2012-11-19 18:00:09+00:00,,Dining and Drinking,Restaurant,20.0,2.0,nyc,Explore
1029,293,40.68904527212705,-73.93031898445723,37312,Convenience Store,2012-11-19 18:00:09+00:00,,Retail,Convenience Store,20.0,2.0,nyc,Return
1030,293,40.75620956063236,-73.97693369182005,20985,General Travel,2012-11-19 18:00:09+00:00,,Travel and Transportation,General Travel,20.0,2.0,nyc,Explore
1031,293,40.72678506374359,-74.00346747445712,5959,Park,2012-11-19 18:00:09+00:00,,Landmarks and Outdoors,Park,20.0,2.0,nyc,Return
1032,293,40.74023847141217,-73.99228003980646,5840,General Entertainment,2012-11-19 18:00:09+00:00,,Arts and Entertainment,General Entertainment,20.0,2.0,nyc,Return
1033,293,40.72648554606392,-74.00508876647187,35262,Office,2012-11-19 18:00:09+00:00,,Dining and Drinking,Cafeteria,20.0,2.0,nyc,Rec
1034,293,40.71430985040704,-73.94939443218914,24789,Other Great Outdoors,2012-11-20 18:00:09+00:00,,Landmarks and Outdoors,Other Great Outdoors,21.0,3.0,nyc,Rec
1035,293,40.7401198487984,-73.99384674453454,1740,Tapas Restaurant,2012-11-20 18:00:09+00:00,,Dining and Drinking,Restaurant,21.0,3.0,nyc,Explore
1036,293,40.71505590186361,-73.9495034949479,1317,Bakery,2012-11-20 18:00:09+00:00,,Dining and Drinking,Bakery,21.0,3.0,nyc,Return
1037,293,40.714718,-73.949522,3307,Southern / Soul Food Restaurant,2012-11-20 18:00:09+00:00,,Dining and Drinking,Restaurant,21.0,3.0,nyc,Return
1038,293,40.75714063260104,-73.96696996199624,10031,Smoke Shop,2012-11-20 18:00:09+00:00,,Retail,Smoke Shop,21.0,3.0,nyc,Return
1039,293,40.68900261661789,-73.9290847274161,24249,General Travel,2012-11-20 18:00:09+00:00,,Travel and Transportation,General Travel,21.0,3.0,nyc,Return
1040,293,40.716069008205125,-73.9497388406914,14297,Deli / Bodega,2012-11-20 18:00:09+00:00,,Dining and Drinking,Restaurant,21.0,3.0,nyc,Rec
1041,293,40.68900261661789,-73.9290847274161,24249,General Travel,2012-11-20 18:00:09+00:00,,Travel and Transportation,General Travel,21.0,3.0,nyc,Return
1042,293,40.70427317579925,-73.94809715465664,24503,Deli / Bodega,2012-11-20 18:00:09+00:00,,Dining and Drinking,Restaurant,21.0,3.0,nyc,Return
1043,293,40.724118658113454,-73.95111646856455,23783,Mexican Restaurant,2012-11-20 18:00:09+00:00,,Dining and Drinking,Restaurant,21.0,3.0,nyc,Rec
1044,293,40.68900261661789,-73.9290847274161,24249,General Travel,2012-11-20 18:00:09+00:00,,Travel and Transportation,General Travel,21.0,3.0,nyc,Return
1045,293,40.72678506374359,-74.00346747445712,5959,Park,2012-11-20 18:00:09+00:00,,Landmarks and Outdoors,Park,21.0,3.0,nyc,Return
1046,293,40.727205,-74.003234,13759,Convenience Store,2012-11-20 18:00:09+00:00,,Retail,Convenience Store,21.0,3.0,nyc,Return
1047,293,40.71563804369663,-74.00033724199605,32765,Government Building,2012-11-20 18:00:09+00:00,,Community and Government,Government Building,21.0,3.0,nyc,Explore
1048,293,40.73939794092962,-73.99320973426613,26195,General Entertainment,2012-11-20 18:00:09+00:00,,Arts and Entertainment,General Entertainment,21.0,3.0,nyc,Rec
1049,293,40.71441897635021,-73.94948053437223,8491,Pizza Place,2012-11-21 18:00:09+00:00,,Dining and Drinking,Restaurant,22.0,3.0,nyc,Return
1050,293,40.750415997814365,-74.00306307058074,29784,Other Great Outdoors,2012-11-21 18:00:09+00:00,,Landmarks and Outdoors,Other Great Outdoors,22.0,3.0,nyc,Explore
1051,293,40.75108708825034,-74.00205308388351,32715,Gastropub,2012-11-21 18:00:09+00:00,,Dining and Drinking,Restaurant,22.0,3.0,nyc,Rec
1052,293,40.71505590186361,-73.9495034949479,1317,Bakery,2012-11-21 18:00:09+00:00,,Dining and Drinking,Bakery,22.0,3.0,nyc,Return
1053,293,40.75714063260104,-73.96696996199624,10031,Smoke Shop,2012-11-21 18:00:09+00:00,,Retail,Smoke Shop,22.0,3.0,nyc,Return
1054,293,40.72174947635632,-73.99350815375443,34164,Other Great Outdoors,2012-11-21 18:00:09+00:00,,Landmarks and Outdoors,Other Great Outdoors,22.0,3.0,nyc,Return
1055,293,40.725461,-74.005445,20053,General Travel,2012-11-21 18:00:09+00:00,,Travel and Transportation,General Travel,22.0,3.0,nyc,Explore
1056,293,40.71532844619961,-73.94954367594879,36564,General Travel,2012-11-21 18:00:09+00:00,,Travel and Transportation,General Travel,22.0,3.0,nyc,Return
1057,293,40.71441897635021,-73.94948053437223,8491,Pizza Place,2012-11-21 18:00:09+00:00,,Dining and Drinking,Restaurant,22.0,3.0,nyc,Rec
1058,293,40.70427317579925,-73.94809715465664,24503,Deli / Bodega,2012-11-21 18:00:09+00:00,,Dining and Drinking,Restaurant,22.0,3.0,nyc,Return
1059,293,40.70427839194181,-73.94789624806582,37337,General Travel,2012-11-21 18:00:09+00:00,,Travel and Transportation,General Travel,22.0,3.0,nyc,Return
1060,293,40.70065837046107,-73.94138102125218,7700,Drugstore / Pharmacy,2012-11-21 18:00:09+00:00,,Retail,Pharmacy,22.0,3.0,nyc,Return
1061,293,40.74023847141217,-73.99228003980646,5840,General Entertainment,2012-11-21 18:00:09+00:00,,Arts and Entertainment,General Entertainment,22.0,3.0,nyc,Return
1062,293,40.716069008205125,-73.9497388406914,14297,Deli / Bodega,2012-11-22 18:00:09+00:00,,Dining and Drinking,Restaurant,23.0,3.0,nyc,Return
1063,293,40.71505590186361,-73.9495034949479,1317,Bakery,2012-11-22 18:00:09+00:00,,Dining and Drinking,Bakery,23.0,3.0,nyc,Return
1064,293,40.71441897635021,-73.94948053437223,8491,Pizza Place,2012-11-22 18:00:09+00:00,,Dining and Drinking,Restaurant,23.0,3.0,nyc,Rec
1065,293,40.71595073760232,-73.94959533722336,24873,Smoke Shop,2012-11-22 18:00:09+00:00,,Retail,Smoke Shop,23.0,3.0,nyc,Rec
1066,293,40.71430985040704,-73.94939443218914,24789,Other Great Outdoors,2012-11-22 18:00:09+00:00,,Landmarks and Outdoors,Other Great Outdoors,23.0,3.0,nyc,Return
1067,293,40.68900261661789,-73.9290847274161,24249,General Travel,2012-11-22 18:00:09+00:00,,Travel and Transportation,General Travel,23.0,3.0,nyc,Return
1068,293,40.69564251074644,-73.92637507512727,30924,Deli / Bodega,2012-11-22 18:00:09+00:00,,Dining and Drinking,Restaurant,23.0,3.0,nyc,Explore
1069,293,40.68900261661789,-73.9290847274161,24249,General Travel,2012-11-22 18:00:09+00:00,,Travel and Transportation,General Travel,23.0,3.0,nyc,Return
1070,293,40.68990012489897,-73.93075527809141,26212,Chinese Restaurant,2012-11-22 18:00:09+00:00,,Dining and Drinking,Restaurant,23.0,3.0,nyc,Rec
1071,293,40.68904527212705,-73.93031898445723,37312,Convenience Store,2012-11-22 18:00:09+00:00,,Retail,Convenience Store,23.0,3.0,nyc,Return
1072,293,40.68591440317017,-73.92957843117458,31872,Chinese Restaurant,2012-11-22 18:00:09+00:00,,Dining and Drinking,Restaurant,23.0,3.0,nyc,Explore
1073,293,40.72648554606392,-74.00508876647187,35262,Office,2012-11-22 18:00:09+00:00,,Dining and Drinking,Cafeteria,23.0,3.0,nyc,Rec
1074,293,40.716069008205125,-73.9497388406914,14297,Deli / Bodega,2012-11-23 18:00:09+00:00,,Dining and Drinking,Restaurant,24.0,3.0,nyc,Return
1075,293,40.727205,-74.003234,13759,Convenience Store,2012-11-23 18:00:09+00:00,,Retail,Convenience Store,24.0,3.0,nyc,Return
1076,293,40.68900261661789,-73.9290847274161,24249,General Travel,2012-11-23 18:00:09+00:00,,Travel and Transportation,General Travel,24.0,3.0,nyc,Return
1077,293,40.71595073760232,-73.94959533722336,24873,Smoke Shop,2012-11-23 18:00:09+00:00,,Retail,Smoke Shop,24.0,3.0,nyc,Rec
1078,293,40.68904527212705,-73.93031898445723,37312,Convenience Store,2012-11-23 18:00:09+00:00,,Retail,Convenience Store,24.0,3.0,nyc,Return
1079,293,40.726493078250186,-74.00530109029536,2369,General Entertainment,2012-11-23 18:00:09+00:00,,Arts and Entertainment,General Entertainment,24.0,3.0,nyc,Return
1080,293,40.72648554606392,-74.00508876647187,35262,Office,2012-11-23 18:00:09+00:00,,Dining and Drinking,Cafeteria,24.0,3.0,nyc,Return
1081,293,40.716069008205125,-73.9497388406914,14297,Deli / Bodega,2012-11-24 18:00:09+00:00,,Dining and Drinking,Restaurant,25.0,3.0,nyc,Return
1082,293,40.75851737250706,-73.96273407281119,23257,Bakery,2012-11-24 18:00:09+00:00,,Dining and Drinking,Bakery,25.0,3.0,nyc,Explore
1083,293,40.70427317579925,-73.94809715465664,24503,Deli / Bodega,2012-11-24 18:00:09+00:00,,Dining and Drinking,Restaurant,25.0,3.0,nyc,Return
1084,293,40.74322529020578,-73.97227764129639,20342,Other Great Outdoors,2012-11-24 18:00:09+00:00,,Landmarks and Outdoors,Other Great Outdoors,25.0,3.0,nyc,Return
1085,293,40.740223,-73.982688,4400,Bagel Shop,2012-11-24 18:00:09+00:00,,Dining and Drinking,Bagel Shop,25.0,3.0,nyc,Rec
1086,293,40.741778511511214,-73.98538179575334,8971,Deli / Bodega,2012-11-24 18:00:09+00:00,,Dining and Drinking,Restaurant,25.0,3.0,nyc,Rec
1087,293,40.71532844619961,-73.94954367594879,36564,General Travel,2012-11-24 18:00:09+00:00,,Travel and Transportation,General Travel,25.0,3.0,nyc,Return
1088,293,40.77771383789162,-73.98324684803434,30863,Greek Restaurant,2012-11-24 18:00:09+00:00,,Dining and Drinking,Restaurant,25.0,3.0,nyc,Explore
1089,293,40.77792520602471,-73.9799984680946,3371,Bagel Shop,2012-11-25 18:00:09+00:00,,Dining and Drinking,Bagel Shop,26.0,3.0,nyc,Rec
1090,293,40.727297,-74.005485,4779,Sandwich Place,2012-11-25 18:00:09+00:00,,Dining and Drinking,Restaurant,26.0,3.0,nyc,Return
1091,293,40.71532844619961,-73.94954367594879,36564,General Travel,2012-11-25 18:00:09+00:00,,Travel and Transportation,General Travel,26.0,3.0,nyc,Return
1092,293,40.690652,-73.92427,11278,Food & Drink Shop,2012-11-25 18:00:09+00:00,,Retail,Food and Beverage Retail,26.0,3.0,nyc,Return
1093,293,40.727205,-74.003234,13759,Convenience Store,2012-11-25 18:00:09+00:00,,Retail,Convenience Store,26.0,3.0,nyc,Return
1094,293,40.71532844619961,-73.94954367594879,36564,General Travel,2012-11-25 18:00:09+00:00,,Travel and Transportation,General Travel,26.0,3.0,nyc,Return
1095,293,40.71559176749147,-73.94962403792549,30920,Deli / Bodega,2012-11-25 18:00:09+00:00,,Dining and Drinking,Restaurant,26.0,3.0,nyc,Return
1096,293,40.71430985040704,-73.94939443218914,24789,Other Great Outdoors,2012-11-25 18:00:09+00:00,,Landmarks and Outdoors,Other Great Outdoors,26.0,3.0,nyc,Rec
1097,293,40.716069008205125,-73.9497388406914,14297,Deli / Bodega,2012-11-25 18:00:09+00:00,,Dining and Drinking,Restaurant,26.0,3.0,nyc,Rec
1098,293,40.68900261661789,-73.9290847274161,24249,General Travel,2012-11-26 18:00:09+00:00,,Travel and Transportation,General Travel,27.0,3.0,nyc,Return
1099,293,40.68900261661789,-73.9290847274161,24249,General Travel,2012-11-26 18:00:09+00:00,,Travel and Transportation,General Travel,27.0,3.0,nyc,Rec
1100,293,40.727297,-74.005485,4779,Sandwich Place,2012-11-26 18:00:09+00:00,,Dining and Drinking,Restaurant,27.0,3.0,nyc,Return
1101,293,40.71441897635021,-73.94948053437223,8491,Pizza Place,2012-11-26 18:00:09+00:00,,Dining and Drinking,Restaurant,27.0,3.0,nyc,Return
1102,293,40.727205,-74.003234,13759,Convenience Store,2012-11-26 18:00:09+00:00,,Retail,Convenience Store,27.0,3.0,nyc,Return
1103,293,40.72678506374359,-74.00346747445712,5959,Park,2012-11-26 18:00:09+00:00,,Landmarks and Outdoors,Park,27.0,3.0,nyc,Return
1104,293,40.72670273811115,-74.00551915235532,28355,General Entertainment,2012-11-26 18:00:09+00:00,,Arts and Entertainment,General Entertainment,27.0,3.0,nyc,Explore
1105,293,40.74158328899093,-74.00311231613159,5558,Office,2012-11-26 18:00:09+00:00,,Dining and Drinking,Cafeteria,27.0,3.0,nyc,Explore
1106,293,40.71430985040704,-73.94939443218914,24789,Other Great Outdoors,2012-11-27 18:00:09+00:00,,Landmarks and Outdoors,Other Great Outdoors,28.0,4.0,nyc,Return
1107,293,40.71505590186361,-73.9495034949479,1317,Bakery,2012-11-27 18:00:09+00:00,,Dining and Drinking,Bakery,28.0,4.0,nyc,Return
1108,293,40.73352248658227,-73.99962565088384,340,Hot Dog Joint,2012-11-27 18:00:09+00:00,,Dining and Drinking,Restaurant,28.0,4.0,nyc,Explore
1109,293,40.72678506374359,-74.00346747445712,5959,Park,2012-11-27 18:00:09+00:00,,Landmarks and Outdoors,Park,28.0,4.0,nyc,Return
1110,293,40.697628,-73.929578,34298,Convenience Store,2012-11-27 18:00:09+00:00,,Retail,Convenience Store,28.0,4.0,nyc,Return
1111,293,40.727035,-74.005569,10353,Paper / Office Supplies Store,2012-11-27 18:00:09+00:00,,Retail,Office Supply Store,28.0,4.0,nyc,Return
1112,293,40.72648554606392,-74.00508876647187,35262,Office,2012-11-27 18:00:09+00:00,,Dining and Drinking,Cafeteria,28.0,4.0,nyc,Rec
1113,293,40.71753389578094,-74.00049448013306,3342,Vietnamese Restaurant,2012-11-28 18:00:09+00:00,,Dining and Drinking,Restaurant,29.0,4.0,nyc,Explore
1114,293,40.70427317579925,-73.94809715465664,24503,Deli / Bodega,2012-11-28 18:00:09+00:00,,Dining and Drinking,Restaurant,29.0,4.0,nyc,Return
1115,293,40.704964,-73.949692425,27632,Gas Station / Garage,2012-11-28 18:00:09+00:00,,Travel and Transportation,Fuel Station,29.0,4.0,nyc,Explore
1116,293,40.69729900863676,-73.97910118103027,11592,Park,2012-11-28 18:00:09+00:00,,Landmarks and Outdoors,Park,29.0,4.0,nyc,Explore
1117,293,40.71430985040704,-73.94939443218914,24789,Other Great Outdoors,2012-11-29 18:00:09+00:00,,Landmarks and Outdoors,Other Great Outdoors,30.0,4.0,nyc,Return
1118,293,40.71680348646005,-73.9564489438687,3226,Argentinian Restaurant,2012-11-29 18:00:09+00:00,,Dining and Drinking,Restaurant,30.0,4.0,nyc,Explore
1119,293,40.70427317579925,-73.94809715465664,24503,Deli / Bodega,2012-11-29 18:00:09+00:00,,Dining and Drinking,Restaurant,30.0,4.0,nyc,Return
1120,293,40.71595073760232,-73.94959533722336,24873,Smoke Shop,2012-11-29 18:00:09+00:00,,Retail,Smoke Shop,30.0,4.0,nyc,Return
1121,293,40.68990012489897,-73.93075527809141,26212,Chinese Restaurant,2012-11-29 18:00:09+00:00,,Dining and Drinking,Restaurant,30.0,4.0,nyc,Return
1122,293,40.68900261661789,-73.9290847274161,24249,General Travel,2012-11-29 18:00:09+00:00,,Travel and Transportation,General Travel,30.0,4.0,nyc,Return
1123,293,40.70427317579925,-73.94809715465664,24503,Deli / Bodega,2012-11-29 18:00:09+00:00,,Dining and Drinking,Restaurant,30.0,4.0,nyc,Return
1124,293,40.69054151282002,-73.93374615934772,28351,Laundry Service,2012-11-29 18:00:09+00:00,,Business and Professional Services,Laundry Service,30.0,4.0,nyc,Return
1125,293,40.71532844619961,-73.94954367594879,36564,General Travel,2012-11-30 18:00:09+00:00,,Travel and Transportation,General Travel,31.0,4.0,nyc,Return
1126,293,40.724118658113454,-73.95111646856455,23783,Mexican Restaurant,2012-11-30 18:00:09+00:00,,Dining and Drinking,Restaurant,31.0,4.0,nyc,Rec
1127,293,40.69054151282002,-73.93374615934772,28351,Laundry Service,2012-11-30 18:00:09+00:00,,Business and Professional Services,Laundry Service,31.0,4.0,nyc,Return
1128,293,40.68900261661789,-73.9290847274161,24249,General Travel,2012-11-30 18:00:09+00:00,,Travel and Transportation,General Travel,31.0,4.0,nyc,Rec
1129,293,40.68496,-73.930069,36140,Moving Target,2012-11-30 18:00:09+00:00,,Travel and Transportation,Moving Target,31.0,4.0,nyc,Explore
1130,293,40.71430985040704,-73.94939443218914,24789,Other Great Outdoors,2012-11-30 18:00:09+00:00,,Landmarks and Outdoors,Other Great Outdoors,31.0,4.0,nyc,Return
1131,293,40.71441897635021,-73.94948053437223,8491,Pizza Place,2012-11-30 18:00:09+00:00,,Dining and Drinking,Restaurant,31.0,4.0,nyc,Return
1132,293,40.726347595238224,-74.00433702347331,3247,Diner,2012-11-30 18:00:09+00:00,,Dining and Drinking,Restaurant,31.0,4.0,nyc,Return
1133,293,40.71595073760232,-73.94959533722336,24873,Smoke Shop,2012-12-01 18:00:09+00:00,,Retail,Smoke Shop,32.0,4.0,nyc,Return
1134,293,40.71441897635021,-73.94948053437223,8491,Pizza Place,2012-12-02 18:00:09+00:00,,Dining and Drinking,Restaurant,33.0,4.0,nyc,Return
1135,293,40.71430985040704,-73.94939443218914,24789,Other Great Outdoors,2012-12-02 18:00:09+00:00,,Landmarks and Outdoors,Other Great Outdoors,33.0,4.0,nyc,Return
1136,293,40.76536396124975,-73.97578597068787,419,American Restaurant,2012-12-02 18:00:09+00:00,,Dining and Drinking,Restaurant,33.0,4.0,nyc,Explore
1137,293,40.75925243678466,-73.98430284664612,19223,Other Great Outdoors,2012-12-03 18:00:09+00:00,,Landmarks and Outdoors,Other Great Outdoors,34.0,4.0,nyc,Explore
1138,293,40.71676047414708,-74.00878431505143,19405,Park,2012-12-03 18:00:09+00:00,,Landmarks and Outdoors,Park,34.0,4.0,nyc,Explore
1139,293,40.716069008205125,-73.9497388406914,14297,Deli / Bodega,2012-12-03 18:00:09+00:00,,Dining and Drinking,Restaurant,34.0,4.0,nyc,Return
1140,293,40.7512887421762,-73.97284150804626,25798,General Travel,2012-12-03 18:00:09+00:00,,Travel and Transportation,General Travel,34.0,4.0,nyc,Explore
1141,293,40.716069008205125,-73.9497388406914,14297,Deli / Bodega,2012-12-03 18:00:09+00:00,,Dining and Drinking,Restaurant,34.0,4.0,nyc,Return
1142,293,40.716069008205125,-73.9497388406914,14297,Deli / Bodega,2012-12-03 18:00:09+00:00,,Dining and Drinking,Restaurant,34.0,4.0,nyc,Return
1143,293,40.68900261661789,-73.9290847274161,24249,General Travel,2012-12-03 18:00:09+00:00,,Travel and Transportation,General Travel,34.0,4.0,nyc,Return
1144,293,40.72678506374359,-74.00346747445712,5959,Park,2012-12-03 18:00:09+00:00,,Landmarks and Outdoors,Park,34.0,4.0,nyc,Return
1145,293,40.71430985040704,-73.94939443218914,24789,Other Great Outdoors,2012-12-04 18:00:09+00:00,,Landmarks and Outdoors,Other Great Outdoors,35.0,5.0,nyc,Return
1146,293,40.71559176749147,-73.94962403792549,30920,Deli / Bodega,2012-12-04 18:00:09+00:00,,Dining and Drinking,Restaurant,35.0,5.0,nyc,Return
1147,293,40.71595073760232,-73.94959533722336,24873,Smoke Shop,2012-12-04 18:00:09+00:00,,Retail,Smoke Shop,35.0,5.0,nyc,Return
1148,293,40.71430985040704,-73.94939443218914,24789,Other Great Outdoors,2012-12-04 18:00:09+00:00,,Landmarks and Outdoors,Other Great Outdoors,35.0,5.0,nyc,Rec
1149,293,40.725461,-74.005445,20053,General Travel,2012-12-04 18:00:09+00:00,,Travel and Transportation,General Travel,35.0,5.0,nyc,Return
1150,293,40.68900261661789,-73.9290847274161,24249,General Travel,2012-12-04 18:00:09+00:00,,Travel and Transportation,General Travel,35.0,5.0,nyc,Return
1151,293,40.726347595238224,-74.00433702347331,3247,Diner,2012-12-04 18:00:09+00:00,,Dining and Drinking,Restaurant,35.0,5.0,nyc,Return
1152,293,40.70427317579925,-73.94809715465664,24503,Deli / Bodega,2012-12-04 18:00:09+00:00,,Dining and Drinking,Restaurant,35.0,5.0,nyc,Return
1153,293,40.68904527212705,-73.93031898445723,37312,Convenience Store,2012-12-04 18:00:09+00:00,,Retail,Convenience Store,35.0,5.0,nyc,Rec
1154,293,40.70633605501917,-73.94754035587833,12852,Park,2012-12-04 18:00:09+00:00,,Landmarks and Outdoors,Park,35.0,5.0,nyc,Rec
1155,293,40.68911614597272,-73.93030176231997,36933,Convenience Store,2012-12-04 18:00:09+00:00,,Retail,Convenience Store,35.0,5.0,nyc,Return
1156,293,40.72648554606392,-74.00508876647187,35262,Office,2012-12-04 18:00:09+00:00,,Dining and Drinking,Cafeteria,35.0,5.0,nyc,Return
1157,293,40.729945,-74.003946,5671,Italian Restaurant,2012-12-05 18:00:09+00:00,,Dining and Drinking,Restaurant,36.0,5.0,nyc,Explore
1158,293,40.726373,-73.9892282,687,Vegetarian / Vegan Restaurant,2012-12-05 18:00:09+00:00,,Dining and Drinking,Restaurant,36.0,5.0,nyc,Explore
1159,293,40.71800153431413,-73.99028290313753,1911,Asian Restaurant,2012-12-05 18:00:09+00:00,,Dining and Drinking,Restaurant,36.0,5.0,nyc,Rec
1160,293,40.71430985040704,-73.94939443218914,24789,Other Great Outdoors,2012-12-05 18:00:09+00:00,,Landmarks and Outdoors,Other Great Outdoors,36.0,5.0,nyc,Return
1161,293,40.68900261661789,-73.9290847274161,24249,General Travel,2012-12-05 18:00:09+00:00,,Travel and Transportation,General Travel,36.0,5.0,nyc,Return
1162,293,40.716069008205125,-73.9497388406914,14297,Deli / Bodega,2012-12-05 18:00:09+00:00,,Dining and Drinking,Restaurant,36.0,5.0,nyc,Return
1163,293,40.71532844619961,-73.94954367594879,36564,General Travel,2012-12-05 18:00:09+00:00,,Travel and Transportation,General Travel,36.0,5.0,nyc,Return
1164,293,40.68904527212705,-73.93031898445723,37312,Convenience Store,2012-12-05 18:00:09+00:00,,Retail,Convenience Store,36.0,5.0,nyc,Return
1165,293,40.72678506374359,-74.00346747445712,5959,Park,2012-12-05 18:00:09+00:00,,Landmarks and Outdoors,Park,36.0,5.0,nyc,Return
1166,293,40.72641395589287,-74.00504285858715,34101,General Entertainment,2012-12-06 18:00:09+00:00,,Arts and Entertainment,General Entertainment,37.0,5.0,nyc,Explore
1167,293,40.72844734198411,-73.99834018927032,36036,Restaurant,2012-12-06 18:00:09+00:00,,Dining and Drinking,Restaurant,37.0,5.0,nyc,Explore
1168,293,40.71430985040704,-73.94939443218914,24789,Other Great Outdoors,2012-12-06 18:00:09+00:00,,Landmarks and Outdoors,Other Great Outdoors,37.0,5.0,nyc,Return
1169,293,40.71441897635021,-73.94948053437223,8491,Pizza Place,2012-12-06 18:00:09+00:00,,Dining and Drinking,Restaurant,37.0,5.0,nyc,Return
1170,293,40.75714063260104,-73.96696996199624,10031,Smoke Shop,2012-12-06 18:00:09+00:00,,Retail,Smoke Shop,37.0,5.0,nyc,Return
1171,293,40.75620956063236,-73.97693369182005,20985,General Travel,2012-12-06 18:00:09+00:00,,Travel and Transportation,General Travel,37.0,5.0,nyc,Rec
1172,293,40.74736352502541,-73.99311791279167,27580,General Travel,2012-12-06 18:00:09+00:00,,Travel and Transportation,General Travel,37.0,5.0,nyc,Explore
1173,293,40.726901990216966,-74.00327539665169,18829,Deli / Bodega,2012-12-06 18:00:09+00:00,,Dining and Drinking,Restaurant,37.0,5.0,nyc,Return
1174,293,40.70408637926169,-73.9480799340999,30488,General Travel,2012-12-06 18:00:09+00:00,,Travel and Transportation,General Travel,37.0,5.0,nyc,Rec
1175,293,40.716069008205125,-73.9497388406914,14297,Deli / Bodega,2012-12-06 18:00:09+00:00,,Dining and Drinking,Restaurant,37.0,5.0,nyc,Return
1176,293,40.71532844619961,-73.94954367594879,36564,General Travel,2012-12-06 18:00:09+00:00,,Travel and Transportation,General Travel,37.0,5.0,nyc,Rec
1177,293,40.727035,-74.005569,10353,Paper / Office Supplies Store,2012-12-06 18:00:09+00:00,,Retail,Office Supply Store,37.0,5.0,nyc,Return
1178,293,40.716069008205125,-73.9497388406914,14297,Deli / Bodega,2012-12-06 18:00:09+00:00,,Dining and Drinking,Restaurant,37.0,5.0,nyc,Return
1179,293,40.71386,-73.951577,259,Diner,2012-12-07 18:00:09+00:00,,Dining and Drinking,Restaurant,38.0,5.0,nyc,Rec
1180,293,40.71353295082138,-73.95143151283264,28144,Arts & Entertainment,2012-12-07 18:00:09+00:00,,Arts and Entertainment,Arts and Entertainment,38.0,5.0,nyc,Explore
1181,293,40.71430985040704,-73.94939443218914,24789,Other Great Outdoors,2012-12-07 18:00:09+00:00,,Landmarks and Outdoors,Other Great Outdoors,38.0,5.0,nyc,Rec
1182,293,40.68900261661789,-73.9290847274161,24249,General Travel,2012-12-07 18:00:09+00:00,,Travel and Transportation,General Travel,38.0,5.0,nyc,Return
1183,293,40.68900261661789,-73.9290847274161,24249,General Travel,2012-12-07 18:00:09+00:00,,Travel and Transportation,General Travel,38.0,5.0,nyc,Rec
1184,293,40.727205,-74.003234,13759,Convenience Store,2012-12-07 18:00:09+00:00,,Retail,Convenience Store,38.0,5.0,nyc,Return
1185,293,40.7708489964259,-73.98224823531172,3943,General Travel,2012-12-07 18:00:09+00:00,,Travel and Transportation,General Travel,38.0,5.0,nyc,Explore
1186,293,40.72678506374359,-74.00346747445712,5959,Park,2012-12-07 18:00:09+00:00,,Landmarks and Outdoors,Park,38.0,5.0,nyc,Rec
1187,293,40.750797850316445,-73.99122982397773,9203,Bank,2012-12-07 18:00:09+00:00,,Business and Professional Services,Financial Service,38.0,5.0,nyc,Explore
1188,293,40.71595073760232,-73.94959533722336,24873,Smoke Shop,2012-12-08 18:00:09+00:00,,Retail,Smoke Shop,39.0,5.0,nyc,Return
1189,293,40.717087956052985,-73.95858992858749,27295,Ice Cream Shop,2012-12-08 18:00:09+00:00,,Dining and Drinking,Dessert Shop,39.0,5.0,nyc,Rec
1190,293,40.71430985040704,-73.94939443218914,24789,Other Great Outdoors,2012-12-08 18:00:09+00:00,,Landmarks and Outdoors,Other Great Outdoors,39.0,5.0,nyc,Return
1191,293,40.71505590186361,-73.9495034949479,1317,Bakery,2012-12-08 18:00:09+00:00,,Dining and Drinking,Bakery,39.0,5.0,nyc,Return
1192,293,40.71595073760232,-73.94959533722336,24873,Smoke Shop,2012-12-08 18:00:09+00:00,,Retail,Smoke Shop,39.0,5.0,nyc,Return
1193,293,40.71430985040704,-73.94939443218914,24789,Other Great Outdoors,2012-12-08 18:00:09+00:00,,Landmarks and Outdoors,Other Great Outdoors,39.0,5.0,nyc,Rec
1194,293,40.68900261661789,-73.9290847274161,24249,General Travel,2012-12-08 18:00:09+00:00,,Travel and Transportation,General Travel,39.0,5.0,nyc,Return
1195,293,40.68900261661789,-73.9290847274161,24249,General Travel,2012-12-08 18:00:09+00:00,,Travel and Transportation,General Travel,39.0,5.0,nyc,Return
1196,293,40.70427317579925,-73.94809715465664,24503,Deli / Bodega,2012-12-08 18:00:09+00:00,,Dining and Drinking,Restaurant,39.0,5.0,nyc,Return
1197,293,40.68900261661789,-73.9290847274161,24249,General Travel,2012-12-08 18:00:09+00:00,,Travel and Transportation,General Travel,39.0,5.0,nyc,Return
1198,293,40.72678506374359,-74.00346747445712,5959,Park,2012-12-08 18:00:09+00:00,,Landmarks and Outdoors,Park,39.0,5.0,nyc,Return
1199,293,40.71759894980997,-74.00321960449219,32686,Other Great Outdoors,2012-12-08 18:00:09+00:00,,Landmarks and Outdoors,Other Great Outdoors,39.0,5.0,nyc,Rec
1200,293,40.68990012489897,-73.93075527809141,26212,Chinese Restaurant,2012-12-08 18:00:09+00:00,,Dining and Drinking,Restaurant,39.0,5.0,nyc,Return
1201,293,40.71505590186361,-73.9495034949479,1317,Bakery,2012-12-08 18:00:09+00:00,,Dining and Drinking,Bakery,39.0,5.0,nyc,Return
1202,293,40.75714063260104,-73.96696996199624,10031,Smoke Shop,2012-12-08 18:00:09+00:00,,Retail,Smoke Shop,39.0,5.0,nyc,Return
1203,293,40.71430985040704,-73.94939443218914,24789,Other Great Outdoors,2012-12-09 18:00:09+00:00,,Landmarks and Outdoors,Other Great Outdoors,40.0,5.0,nyc,Return
1204,293,40.714049,-73.949311,26729,Bagel Shop,2012-12-09 18:00:09+00:00,,Dining and Drinking,Bagel Shop,40.0,5.0,nyc,Return
1205,293,40.72678506374359,-74.00346747445712,5959,Park,2012-12-09 18:00:09+00:00,,Landmarks and Outdoors,Park,40.0,5.0,nyc,Return
1206,293,40.71441897635021,-73.94948053437223,8491,Pizza Place,2012-12-09 18:00:09+00:00,,Dining and Drinking,Restaurant,40.0,5.0,nyc,Rec
1207,293,40.71532844619961,-73.94954367594879,36564,General Travel,2012-12-09 18:00:09+00:00,,Travel and Transportation,General Travel,40.0,5.0,nyc,Return
1208,293,40.69594214106987,-73.95261462773097,19993,Miscellaneous Shop,2012-12-09 18:00:09+00:00,,Retail,Miscellaneous Store,40.0,5.0,nyc,Rec
1209,293,40.68950405648364,-73.92209811057555,29717,Electronics Store,2012-12-09 18:00:09+00:00,,Retail,Computers and Electronics Retail,40.0,5.0,nyc,Return
1210,293,40.71441897635021,-73.94948053437223,8491,Pizza Place,2012-12-09 18:00:09+00:00,,Dining and Drinking,Restaurant,40.0,5.0,nyc,Return
1211,293,40.68900261661789,-73.9290847274161,24249,General Travel,2012-12-09 18:00:09+00:00,,Travel and Transportation,General Travel,40.0,5.0,nyc,Return
1212,293,40.71441897635021,-73.94948053437223,8491,Pizza Place,2012-12-09 18:00:09+00:00,,Dining and Drinking,Restaurant,40.0,5.0,nyc,Return
1213,293,40.67289579742284,-73.87072127459737,34376,Deli / Bodega,2012-12-09 18:00:09+00:00,,Dining and Drinking,Restaurant,40.0,5.0,nyc,Rec
1214,293,40.71505590186361,-73.9495034949479,1317,Bakery,2012-12-09 18:00:09+00:00,,Dining and Drinking,Bakery,40.0,5.0,nyc,Return
1215,293,40.68914413452149,-73.9303207397461,36932,Deli / Bodega,2012-12-09 18:00:09+00:00,,Dining and Drinking,Restaurant,40.0,5.0,nyc,Return
1216,293,40.71356657826433,-73.94409620410673,4190,Diner,2012-12-09 18:00:09+00:00,,Dining and Drinking,Restaurant,40.0,5.0,nyc,Explore
1217,293,40.72513896666667,-74.002963,5913,Smoke Shop,2012-12-09 18:00:09+00:00,,Retail,Smoke Shop,40.0,5.0,nyc,Explore
1218,293,40.68900261661789,-73.9290847274161,24249,General Travel,2012-12-10 18:00:09+00:00,,Travel and Transportation,General Travel,41.0,5.0,nyc,Return
1219,293,40.716069008205125,-73.9497388406914,14297,Deli / Bodega,2012-12-10 18:00:09+00:00,,Dining and Drinking,Restaurant,41.0,5.0,nyc,Return
1220,293,40.68900261661789,-73.9290847274161,24249,General Travel,2012-12-10 18:00:09+00:00,,Travel and Transportation,General Travel,41.0,5.0,nyc,Rec
1221,293,40.81081304779258,-73.95077206251672,13080,Southern / Soul Food Restaurant,2012-12-10 18:00:09+00:00,,Dining and Drinking,Restaurant,41.0,5.0,nyc,Return
1222,293,40.751861854351,-73.98225397448012,33413,Paper / Office Supplies Store,2012-12-10 18:00:09+00:00,,Retail,Office Supply Store,41.0,5.0,nyc,Explore
1223,293,40.726493078250186,-74.00530109029536,2369,General Entertainment,2012-12-10 18:00:09+00:00,,Arts and Entertainment,General Entertainment,41.0,5.0,nyc,Return
1224,293,40.726493078250186,-74.00530109029536,2369,General Entertainment,2012-12-11 18:00:09+00:00,,Arts and Entertainment,General Entertainment,42.0,6.0,nyc,Return
1225,293,40.72270549271865,-73.99819850921631,410,French Restaurant,2012-12-11 18:00:09+00:00,,Dining and Drinking,Restaurant,42.0,6.0,nyc,Rec
1226,293,40.752036441838,-73.99116095716512,9399,Bagel Shop,2012-12-11 18:00:09+00:00,,Dining and Drinking,Bagel Shop,42.0,6.0,nyc,Explore
1227,293,40.74364391274361,-73.9838882535696,279,French Restaurant,2012-12-11 18:00:09+00:00,,Dining and Drinking,Restaurant,42.0,6.0,nyc,Explore
1228,293,40.716069008205125,-73.9497388406914,14297,Deli / Bodega,2012-12-11 18:00:09+00:00,,Dining and Drinking,Restaurant,42.0,6.0,nyc,Return
1229,293,40.68990012489897,-73.93075527809141,26212,Chinese Restaurant,2012-12-11 18:00:09+00:00,,Dining and Drinking,Restaurant,42.0,6.0,nyc,Return
1230,293,40.726493078250186,-74.00530109029536,2369,General Entertainment,2012-12-11 18:00:09+00:00,,Arts and Entertainment,General Entertainment,42.0,6.0,nyc,Return
1231,293,40.72648554606392,-74.00508876647187,35262,Office,2012-12-11 18:00:09+00:00,,Dining and Drinking,Cafeteria,42.0,6.0,nyc,Return
1232,293,40.726901990216966,-74.00327539665169,18829,Deli / Bodega,2012-12-12 18:00:09+00:00,,Dining and Drinking,Restaurant,43.0,6.0,nyc,Rec
1233,293,40.71505590186361,-73.9495034949479,1317,Bakery,2012-12-12 18:00:09+00:00,,Dining and Drinking,Bakery,43.0,6.0,nyc,Return
1234,293,40.68900261661789,-73.9290847274161,24249,General Travel,2012-12-12 18:00:09+00:00,,Travel and Transportation,General Travel,43.0,6.0,nyc,Return
1235,293,40.724118658113454,-73.95111646856455,23783,Mexican Restaurant,2012-12-12 18:00:09+00:00,,Dining and Drinking,Restaurant,43.0,6.0,nyc,Return
1236,293,40.716069008205125,-73.9497388406914,14297,Deli / Bodega,2012-12-12 18:00:09+00:00,,Dining and Drinking,Restaurant,43.0,6.0,nyc,Rec
1237,293,40.62940441,-73.918612,15781,Restaurant,2012-12-12 18:00:09+00:00,,Dining and Drinking,Restaurant,43.0,6.0,nyc,Rec
1238,293,40.6394869711505,-73.97977360650297,31287,Convenience Store,2012-12-12 18:00:09+00:00,,Retail,Convenience Store,43.0,6.0,nyc,Rec
1239,293,40.73683206981667,-73.95580032987125,32783,General Travel,2012-12-12 18:00:09+00:00,,Travel and Transportation,General Travel,43.0,6.0,nyc,Explore
1240,293,40.70122621580232,-73.98324684803434,29090,Convenience Store,2012-12-12 18:00:09+00:00,,Retail,Convenience Store,43.0,6.0,nyc,Explore
1241,293,40.727035,-74.005569,10353,Paper / Office Supplies Store,2012-12-12 18:00:09+00:00,,Retail,Office Supply Store,43.0,6.0,nyc,Return
1242,293,40.74158328899093,-74.00311231613159,5558,Office,2012-12-12 18:00:09+00:00,,Dining and Drinking,Cafeteria,43.0,6.0,nyc,Rec
1243,293,40.726347595238224,-74.00433702347331,3247,Diner,2012-12-13 18:00:09+00:00,,Dining and Drinking,Restaurant,44.0,6.0,nyc,Return
1244,293,40.71430985040704,-73.94939443218914,24789,Other Great Outdoors,2012-12-13 18:00:09+00:00,,Landmarks and Outdoors,Other Great Outdoors,44.0,6.0,nyc,Return
1245,293,40.719443920227405,-73.96054147573763,27602,Seafood Restaurant,2012-12-13 18:00:09+00:00,,Dining and Drinking,Restaurant,44.0,6.0,nyc,Explore
1246,293,40.68900261661789,-73.9290847274161,24249,General Travel,2012-12-13 18:00:09+00:00,,Travel and Transportation,General Travel,44.0,6.0,nyc,Return
1247,293,40.68900261661789,-73.9290847274161,24249,General Travel,2012-12-13 18:00:09+00:00,,Travel and Transportation,General Travel,44.0,6.0,nyc,Return
1248,293,40.75892694251119,-73.96135078803042,31015,General Travel,2012-12-13 18:00:09+00:00,,Travel and Transportation,General Travel,44.0,6.0,nyc,Explore
1249,293,40.7594385602208,-73.95782652389153,15038,Other Great Outdoors,2012-12-13 18:00:09+00:00,,Landmarks and Outdoors,Park,44.0,6.0,nyc,Rec
1250,293,40.727035,-74.005569,10353,Paper / Office Supplies Store,2012-12-13 18:00:09+00:00,,Retail,Office Supply Store,44.0,6.0,nyc,Return
1251,293,40.68990012489897,-73.93075527809141,26212,Chinese Restaurant,2012-12-14 18:00:09+00:00,,Dining and Drinking,Restaurant,45.0,6.0,nyc,Return
1252,293,40.68904527212705,-73.93031898445723,37312,Convenience Store,2012-12-14 18:00:09+00:00,,Retail,Convenience Store,45.0,6.0,nyc,Rec
1253,293,40.71532844619961,-73.94954367594879,36564,General Travel,2012-12-14 18:00:09+00:00,,Travel and Transportation,General Travel,45.0,6.0,nyc,Return
1254,293,40.72678506374359,-74.00346747445712,5959,Park,2012-12-14 18:00:09+00:00,,Landmarks and Outdoors,Park,45.0,6.0,nyc,Return
1255,293,40.726493078250186,-74.00530109029536,2369,General Entertainment,2012-12-14 18:00:09+00:00,,Arts and Entertainment,General Entertainment,45.0,6.0,nyc,Return
1256,293,40.726493078250186,-74.00530109029536,2369,General Entertainment,2012-12-15 18:00:09+00:00,,Arts and Entertainment,General Entertainment,46.0,6.0,nyc,Return
1257,293,40.71441897635021,-73.94948053437223,8491,Pizza Place,2012-12-15 18:00:09+00:00,,Dining and Drinking,Restaurant,46.0,6.0,nyc,Rec
1258,293,40.74123105421344,-73.9895368410022,9064,Drugstore / Pharmacy,2012-12-15 18:00:09+00:00,,Retail,Pharmacy,46.0,6.0,nyc,Explore
1259,293,40.752043933832766,-73.9854621427848,33560,Smoke Shop,2012-12-15 18:00:09+00:00,,Retail,Smoke Shop,46.0,6.0,nyc,Explore
1260,293,40.75925243678466,-73.98430284664612,19223,Other Great Outdoors,2012-12-15 18:00:09+00:00,,Landmarks and Outdoors,Other Great Outdoors,46.0,6.0,nyc,Return
1261,293,40.71532844619961,-73.94954367594879,36564,General Travel,2012-12-15 18:00:09+00:00,,Travel and Transportation,General Travel,46.0,6.0,nyc,Return
1262,293,40.74274396103071,-74.00791208020945,10195,American Restaurant,2012-12-15 18:00:09+00:00,,Dining and Drinking,Restaurant,46.0,6.0,nyc,Explore
1263,293,40.68900261661789,-73.9290847274161,24249,General Travel,2012-12-15 18:00:09+00:00,,Travel and Transportation,General Travel,46.0,6.0,nyc,Return
1264,293,40.71188978709543,-73.90033867386931,27911,Laundry Service,2012-12-15 18:00:09+00:00,,Business and Professional Services,Laundry Service,46.0,6.0,nyc,Rec
1265,293,40.70608377456665,-73.8967843,18066,Sandwich Place,2012-12-15 18:00:09+00:00,,Dining and Drinking,Restaurant,46.0,6.0,nyc,Rec
1266,293,40.70408637926169,-73.9480799340999,30488,General Travel,2012-12-15 18:00:09+00:00,,Travel and Transportation,General Travel,46.0,6.0,nyc,Return
1267,293,40.690652,-73.92427,11278,Food & Drink Shop,2012-12-15 18:00:09+00:00,,Retail,Food and Beverage Retail,46.0,6.0,nyc,Return
1268,293,40.68904527212705,-73.93031898445723,37312,Convenience Store,2012-12-15 18:00:09+00:00,,Retail,Convenience Store,46.0,6.0,nyc,Return
1269,293,40.69470218614578,-73.9484013842397,28777,Other Great Outdoors,2012-12-15 18:00:09+00:00,,Landmarks and Outdoors,Other Great Outdoors,46.0,6.0,nyc,Explore
1270,293,40.70427317579925,-73.94809715465664,24503,Deli / Bodega,2012-12-15 18:00:09+00:00,,Dining and Drinking,Restaurant,46.0,6.0,nyc,Return
1271,293,40.742478340000005,-73.977508,21567,Ramen /  Noodle House,2012-12-16 18:00:09+00:00,,Dining and Drinking,Restaurant,47.0,6.0,nyc,Explore
1272,293,40.78001045760578,-73.79287827403705,34361,General Travel,2012-12-16 18:00:09+00:00,,Travel and Transportation,General Travel,47.0,6.0,nyc,Rec
1273,293,40.68900261661789,-73.9290847274161,24249,General Travel,2012-12-16 18:00:09+00:00,,Travel and Transportation,General Travel,47.0,6.0,nyc,Return
1274,293,40.67490019577858,-73.94832676193343,28760,Convenience Store,2012-12-16 18:00:09+00:00,,Retail,Convenience Store,47.0,6.0,nyc,Explore
1275,293,40.70408637926169,-73.9480799340999,30488,General Travel,2012-12-16 18:00:09+00:00,,Travel and Transportation,General Travel,47.0,6.0,nyc,Return
1276,293,40.68990012489897,-73.93075527809141,26212,Chinese Restaurant,2012-12-16 18:00:09+00:00,,Dining and Drinking,Restaurant,47.0,6.0,nyc,Return
1277,293,40.68900261661789,-73.9290847274161,24249,General Travel,2012-12-16 18:00:09+00:00,,Travel and Transportation,General Travel,47.0,6.0,nyc,Return
1278,293,40.71430985040704,-73.94939443218914,24789,Other Great Outdoors,2012-12-16 18:00:09+00:00,,Landmarks and Outdoors,Other Great Outdoors,47.0,6.0,nyc,Rec
1279,293,40.714049,-73.949311,26729,Bagel Shop,2012-12-16 18:00:09+00:00,,Dining and Drinking,Bagel Shop,47.0,6.0,nyc,Rec
1280,293,40.68990012489897,-73.93075527809141,26212,Chinese Restaurant,2012-12-16 18:00:09+00:00,,Dining and Drinking,Restaurant,47.0,6.0,nyc,Return
1281,293,40.70427317579925,-73.94809715465664,24503,Deli / Bodega,2012-12-16 18:00:09+00:00,,Dining and Drinking,Restaurant,47.0,6.0,nyc,Return
1282,293,40.70427317579925,-73.94809715465664,24503,Deli / Bodega,2012-12-17 18:00:09+00:00,,Dining and Drinking,Restaurant,48.0,6.0,nyc,Rec
1283,293,40.702936856990114,-73.94682856953875,26790,Convenience Store,2012-12-17 18:00:09+00:00,,Retail,Convenience Store,48.0,6.0,nyc,Rec
1284,293,40.726493078250186,-74.00530109029536,2369,General Entertainment,2012-12-17 18:00:09+00:00,,Arts and Entertainment,General Entertainment,48.0,6.0,nyc,Rec
1285,293,40.72648554606392,-74.00508876647187,35262,Office,2012-12-17 18:00:09+00:00,,Dining and Drinking,Cafeteria,48.0,6.0,nyc,Return
1286,293,40.726493078250186,-74.00530109029536,2369,General Entertainment,2012-12-18 18:00:09+00:00,,Arts and Entertainment,General Entertainment,49.0,7.0,nyc,Return
1287,293,40.71430985040704,-73.94939443218914,24789,Other Great Outdoors,2012-12-18 18:00:09+00:00,,Landmarks and Outdoors,Other Great Outdoors,49.0,7.0,nyc,Return
1288,293,40.68990012489897,-73.93075527809141,26212,Chinese Restaurant,2012-12-18 18:00:09+00:00,,Dining and Drinking,Restaurant,49.0,7.0,nyc,Return
1289,293,40.75367997099852,-73.99939610479981,30536,Bakery,2012-12-18 18:00:09+00:00,,Dining and Drinking,Bakery,49.0,7.0,nyc,Explore
1290,293,40.68914413452149,-73.9303207397461,36932,Deli / Bodega,2012-12-18 18:00:09+00:00,,Dining and Drinking,Restaurant,49.0,7.0,nyc,Return
1291,293,40.68900261661789,-73.9290847274161,24249,General Travel,2012-12-18 18:00:09+00:00,,Travel and Transportation,General Travel,49.0,7.0,nyc,Rec
1292,293,40.71532844619961,-73.94954367594879,36564,General Travel,2012-12-18 18:00:09+00:00,,Travel and Transportation,General Travel,49.0,7.0,nyc,Return
1293,293,40.71559176749147,-73.94962403792549,30920,Deli / Bodega,2012-12-18 18:00:09+00:00,,Dining and Drinking,Restaurant,49.0,7.0,nyc,Rec
1294,293,40.70281423588066,-73.93370023445638,24515,Italian Restaurant,2012-12-18 18:00:09+00:00,,Dining and Drinking,Restaurant,49.0,7.0,nyc,Return
1295,293,40.70408637926169,-73.9480799340999,30488,General Travel,2012-12-18 18:00:09+00:00,,Travel and Transportation,General Travel,49.0,7.0,nyc,Return
1296,293,40.69788149159056,-73.92971620874347,35094,General Entertainment,2012-12-19 18:00:09+00:00,,Arts and Entertainment,General Entertainment,50.0,7.0,nyc,Rec
1297,293,40.71505590186361,-73.9495034949479,1317,Bakery,2012-12-19 18:00:09+00:00,,Dining and Drinking,Bakery,50.0,7.0,nyc,Return
1298,293,40.716069008205125,-73.9497388406914,14297,Deli / Bodega,2012-12-19 18:00:09+00:00,,Dining and Drinking,Restaurant,50.0,7.0,nyc,Return
1299,293,40.71430985040704,-73.94939443218914,24789,Other Great Outdoors,2012-12-19 18:00:09+00:00,,Landmarks and Outdoors,Other Great Outdoors,50.0,7.0,nyc,Return
1300,293,40.68900261661789,-73.9290847274161,24249,General Travel,2012-12-19 18:00:09+00:00,,Travel and Transportation,General Travel,50.0,7.0,nyc,Return
1301,293,40.68990012489897,-73.93075527809141,26212,Chinese Restaurant,2012-12-19 18:00:09+00:00,,Dining and Drinking,Restaurant,50.0,7.0,nyc,Return
1302,293,40.70408637926169,-73.9480799340999,30488,General Travel,2012-12-19 18:00:09+00:00,,Travel and Transportation,General Travel,50.0,7.0,nyc,Rec
1303,293,40.68990012489897,-73.93075527809141,26212,Chinese Restaurant,2012-12-19 18:00:09+00:00,,Dining and Drinking,Restaurant,50.0,7.0,nyc,Return
1304,293,40.68990012489897,-73.93075527809141,26212,Chinese Restaurant,2012-12-19 18:00:09+00:00,,Dining and Drinking,Restaurant,50.0,7.0,nyc,Return
1305,293,40.72678506374359,-74.00346747445712,5959,Park,2012-12-19 18:00:09+00:00,,Landmarks and Outdoors,Park,50.0,7.0,nyc,Return
1306,293,40.72659915345058,-73.99172910762971,32107,Convenience Store,2012-12-19 18:00:09+00:00,,Retail,Convenience Store,50.0,7.0,nyc,Rec
1307,293,40.727035,-74.005569,10353,Paper / Office Supplies Store,2012-12-19 18:00:09+00:00,,Retail,Office Supply Store,50.0,7.0,nyc,Return
1308,293,40.726493078250186,-74.00530109029536,2369,General Entertainment,2012-12-20 18:00:09+00:00,,Arts and Entertainment,General Entertainment,51.0,7.0,nyc,Return
1309,293,40.71559176749147,-73.94962403792549,30920,Deli / Bodega,2012-12-20 18:00:09+00:00,,Dining and Drinking,Restaurant,51.0,7.0,nyc,Return
1310,293,40.74319545656535,-73.88231497032352,13600,Bakery,2012-12-20 18:00:09+00:00,,Dining and Drinking,Bakery,51.0,7.0,nyc,Rec
1311,293,40.76138721236441,-73.9606964506948,10149,Smoke Shop,2012-12-20 18:00:09+00:00,,Retail,Smoke Shop,51.0,7.0,nyc,Explore
1312,293,40.76425630759538,-73.95846939120464,4397,Bagel Shop,2012-12-20 18:00:09+00:00,,Dining and Drinking,Bagel Shop,51.0,7.0,nyc,Explore
1313,293,40.72678506374359,-74.00346747445712,5959,Park,2012-12-20 18:00:09+00:00,,Landmarks and Outdoors,Park,51.0,7.0,nyc,Return
1314,293,40.70427317579925,-73.94809715465664,24503,Deli / Bodega,2012-12-20 18:00:09+00:00,,Dining and Drinking,Restaurant,51.0,7.0,nyc,Return
1315,293,40.68900261661789,-73.9290847274161,24249,General Travel,2012-12-20 18:00:09+00:00,,Travel and Transportation,General Travel,51.0,7.0,nyc,Return
1316,293,40.73939794092962,-73.99320973426613,26195,General Entertainment,2012-12-21 18:00:09+00:00,,Arts and Entertainment,General Entertainment,52.0,7.0,nyc,Rec
1317,293,40.727205,-74.003234,13759,Convenience Store,2012-12-21 18:00:09+00:00,,Retail,Convenience Store,52.0,7.0,nyc,Rec
1318,293,40.68914413452149,-73.9303207397461,36932,Deli / Bodega,2012-12-21 18:00:09+00:00,,Dining and Drinking,Restaurant,52.0,7.0,nyc,Return
1319,293,40.68911614597272,-73.93030176231997,36933,Convenience Store,2012-12-21 18:00:09+00:00,,Retail,Convenience Store,52.0,7.0,nyc,Return
1320,293,40.68900261661789,-73.9290847274161,24249,General Travel,2012-12-21 18:00:09+00:00,,Travel and Transportation,General Travel,52.0,7.0,nyc,Explore
1321,293,40.71595073760232,-73.94959533722336,24873,Smoke Shop,2012-12-21 18:00:09+00:00,,Retail,Smoke Shop,52.0,7.0,nyc,Rec
1322,293,40.72678506374359,-74.00346747445712,5959,Park,2012-12-22 18:00:09+00:00,,Landmarks and Outdoors,Park,53.0,7.0,nyc,Return
1323,293,40.68904527212705,-73.93031898445723,37312,Convenience Store,2012-12-22 18:00:09+00:00,,Retail,Convenience Store,53.0,7.0,nyc,Return
1324,293,40.69690960560431,-73.90299127352625,23683,General Entertainment,2012-12-22 18:00:09+00:00,,Arts and Entertainment,General Entertainment,53.0,7.0,nyc,Explore
1325,293,40.726493078250186,-74.00530109029536,2369,General Entertainment,2012-12-22 18:00:09+00:00,,Arts and Entertainment,General Entertainment,53.0,7.0,nyc,Return
1326,293,40.71430985040704,-73.94939443218914,24789,Other Great Outdoors,2012-12-22 18:00:09+00:00,,Landmarks and Outdoors,Other Great Outdoors,53.0,7.0,nyc,Return
1327,293,40.71278440618345,-73.94750017446118,3491,Vegetarian / Vegan Restaurant,2012-12-22 18:00:09+00:00,,Dining and Drinking,Restaurant,53.0,7.0,nyc,Explore
1328,293,40.71505590186361,-73.9495034949479,1317,Bakery,2012-12-22 18:00:09+00:00,,Dining and Drinking,Bakery,53.0,7.0,nyc,Return
1329,293,40.71441897635021,-73.94948053437223,8491,Pizza Place,2012-12-22 18:00:09+00:00,,Dining and Drinking,Restaurant,53.0,7.0,nyc,Return
1330,293,40.71532844619961,-73.94954367594879,36564,General Travel,2012-12-22 18:00:09+00:00,,Travel and Transportation,General Travel,53.0,7.0,nyc,Rec
1331,293,40.72204686826622,-73.99612784385681,33192,Falafel Restaurant,2012-12-22 18:00:09+00:00,,Dining and Drinking,Restaurant,53.0,7.0,nyc,Explore
1332,293,40.68900261661789,-73.9290847274161,24249,General Travel,2012-12-22 18:00:09+00:00,,Travel and Transportation,General Travel,53.0,7.0,nyc,Return
1333,293,40.716069008205125,-73.9497388406914,14297,Deli / Bodega,2012-12-22 18:00:09+00:00,,Dining and Drinking,Restaurant,53.0,7.0,nyc,Return
1334,293,40.714888,-73.944521,2827,Burger Joint,2012-12-22 18:00:09+00:00,,Dining and Drinking,Restaurant,53.0,7.0,nyc,Rec
1335,293,40.68900261661789,-73.9290847274161,24249,General Travel,2012-12-22 18:00:09+00:00,,Travel and Transportation,General Travel,53.0,7.0,nyc,Return
1336,293,40.71559176749147,-73.94962403792549,30920,Deli / Bodega,2012-12-22 18:00:09+00:00,,Dining and Drinking,Restaurant,53.0,7.0,nyc,Return
1337,293,40.71430985040704,-73.94939443218914,24789,Other Great Outdoors,2012-12-23 18:00:09+00:00,,Landmarks and Outdoors,Other Great Outdoors,54.0,7.0,nyc,Return
1338,293,40.714049,-73.949311,26729,Bagel Shop,2012-12-23 18:00:09+00:00,,Dining and Drinking,Bagel Shop,54.0,7.0,nyc,Return
1339,293,40.72133752277011,-73.9521841234126,875,Park,2012-12-23 18:00:09+00:00,,Landmarks and Outdoors,Park,54.0,7.0,nyc,Rec
1340,293,40.70427839194181,-73.94789624806582,37337,General Travel,2012-12-23 18:00:09+00:00,,Travel and Transportation,General Travel,54.0,7.0,nyc,Rec
1341,293,40.707287092735534,-73.9403486251831,31679,Donut Shop,2012-12-23 18:00:09+00:00,,Dining and Drinking,Donut Shop,54.0,7.0,nyc,Explore
1342,293,40.716069008205125,-73.9497388406914,14297,Deli / Bodega,2012-12-23 18:00:09+00:00,,Dining and Drinking,Restaurant,54.0,7.0,nyc,Return
1343,293,40.77652152125915,-73.9500028867943,33297,Convenience Store,2012-12-23 18:00:09+00:00,,Retail,Convenience Store,54.0,7.0,nyc,Explore
1344,293,40.759832,-73.991666,3769,Pizza Place,2012-12-23 18:00:09+00:00,,Dining and Drinking,Restaurant,54.0,7.0,nyc,Explore
1345,293,40.68900261661789,-73.9290847274161,24249,General Travel,2012-12-23 18:00:09+00:00,,Travel and Transportation,General Travel,54.0,7.0,nyc,Return
1346,293,40.68914413452149,-73.9303207397461,36932,Deli / Bodega,2012-12-23 18:00:09+00:00,,Dining and Drinking,Restaurant,54.0,7.0,nyc,Return
1347,293,40.68904527212705,-73.93031898445723,37312,Convenience Store,2012-12-27 18:00:09+00:00,,Retail,Convenience Store,58.0,8.0,nyc,Return
1348,293,40.67284344395805,-73.87066384993089,21375,Chinese Restaurant,2012-12-27 18:00:09+00:00,,Dining and Drinking,Restaurant,58.0,8.0,nyc,Return
1349,293,40.67284344395805,-73.87066384993089,21375,Chinese Restaurant,2012-12-28 18:00:09+00:00,,Dining and Drinking,Restaurant,59.0,8.0,nyc,Rec
1350,293,40.68900261661789,-73.9290847274161,24249,General Travel,2012-12-28 18:00:09+00:00,,Travel and Transportation,General Travel,59.0,8.0,nyc,Return
1351,293,40.68614152063403,-73.94364845987359,34748,Deli / Bodega,2012-12-28 18:00:09+00:00,,Dining and Drinking,Restaurant,59.0,8.0,nyc,Rec
1352,293,40.70427317579925,-73.94809715465664,24503,Deli / Bodega,2012-12-28 18:00:09+00:00,,Dining and Drinking,Restaurant,59.0,8.0,nyc,Return
1353,293,40.72659915345058,-73.99172910762971,32107,Convenience Store,2012-12-28 18:00:09+00:00,,Retail,Convenience Store,59.0,8.0,nyc,Return
1354,293,40.725461,-74.005445,20053,General Travel,2012-12-28 18:00:09+00:00,,Travel and Transportation,General Travel,59.0,8.0,nyc,Rec
1355,293,40.7378764441416,-73.98590326309204,2725,Park,2012-12-28 18:00:09+00:00,,Landmarks and Outdoors,Park,59.0,8.0,nyc,Explore
1356,293,40.74733835203195,-73.98198997255602,16935,American Restaurant,2012-12-28 18:00:09+00:00,,Dining and Drinking,Restaurant,59.0,8.0,nyc,Rec
1357,293,40.73373235229243,-73.98724124700989,8281,Paper / Office Supplies Store,2012-12-28 18:00:09+00:00,,Retail,Office Supply Store,59.0,8.0,nyc,Rec
1358,293,40.71356657826433,-73.94409620410673,4190,Diner,2012-12-29 18:00:09+00:00,,Dining and Drinking,Restaurant,60.0,8.0,nyc,Return
1359,293,40.71441897635021,-73.94948053437223,8491,Pizza Place,2012-12-29 18:00:09+00:00,,Dining and Drinking,Restaurant,60.0,8.0,nyc,Return
1360,293,40.71595073760232,-73.94959533722336,24873,Smoke Shop,2012-12-29 18:00:09+00:00,,Retail,Smoke Shop,60.0,8.0,nyc,Rec
1361,293,40.71430985040704,-73.94939443218914,24789,Other Great Outdoors,2012-12-29 18:00:09+00:00,,Landmarks and Outdoors,Other Great Outdoors,60.0,8.0,nyc,Return
1362,293,40.71458343711889,-73.94174840551517,36446,Gas Station / Garage,2012-12-29 18:00:09+00:00,,Travel and Transportation,Fuel Station,60.0,8.0,nyc,Explore
1363,293,40.716069008205125,-73.9497388406914,14297,Deli / Bodega,2012-12-29 18:00:09+00:00,,Dining and Drinking,Restaurant,60.0,8.0,nyc,Return
1364,293,40.68900261661789,-73.9290847274161,24249,General Travel,2012-12-29 18:00:09+00:00,,Travel and Transportation,General Travel,60.0,8.0,nyc,Rec
1365,293,40.68990012489897,-73.93075527809141,26212,Chinese Restaurant,2012-12-29 18:00:09+00:00,,Dining and Drinking,Restaurant,60.0,8.0,nyc,Return
1366,293,40.72716120053256,-74.00555849075317,5385,Pizza Place,2012-12-29 18:00:09+00:00,,Dining and Drinking,Restaurant,60.0,8.0,nyc,Return
1367,293,40.71595073760232,-73.94959533722336,24873,Smoke Shop,2012-12-30 18:00:09+00:00,,Retail,Smoke Shop,61.0,8.0,nyc,Return
1368,293,40.71430985040704,-73.94939443218914,24789,Other Great Outdoors,2012-12-30 18:00:09+00:00,,Landmarks and Outdoors,Other Great Outdoors,61.0,8.0,nyc,Return
1369,293,40.70427317579925,-73.94809715465664,24503,Deli / Bodega,2012-12-30 18:00:09+00:00,,Dining and Drinking,Restaurant,61.0,8.0,nyc,Return
1370,293,40.70427317579925,-73.94809715465664,24503,Deli / Bodega,2012-12-30 18:00:09+00:00,,Dining and Drinking,Restaurant,61.0,8.0,nyc,Return
1371,293,40.727205,-74.003234,13759,Convenience Store,2012-12-30 18:00:09+00:00,,Retail,Convenience Store,61.0,8.0,nyc,Return
1372,293,40.68900261661789,-73.9290847274161,24249,General Travel,2012-12-30 18:00:09+00:00,,Travel and Transportation,General Travel,61.0,8.0,nyc,Return
1373,293,40.71532844619961,-73.94954367594879,36564,General Travel,2012-12-30 18:00:09+00:00,,Travel and Transportation,General Travel,61.0,8.0,nyc,Return
1374,293,40.71430985040704,-73.94939443218914,24789,Other Great Outdoors,2012-12-30 18:00:09+00:00,,Landmarks and Outdoors,Other Great Outdoors,61.0,8.0,nyc,Return
1375,293,40.80323038208842,-73.9670617959612,36368,Bakery,2012-12-30 18:00:09+00:00,,Dining and Drinking,Bakery,61.0,8.0,nyc,Rec
1376,293,40.73352248658227,-73.99962565088384,340,Hot Dog Joint,2013-01-01 18:00:09+00:00,,Dining and Drinking,Restaurant,63.0,9.0,nyc,Return
1377,293,40.74733835203195,-73.98198997255602,16935,American Restaurant,2013-01-01 18:00:09+00:00,,Dining and Drinking,Restaurant,63.0,9.0,nyc,Rec
1378,293,40.74364391274361,-73.9838882535696,279,French Restaurant,2013-01-01 18:00:09+00:00,,Dining and Drinking,Restaurant,63.0,9.0,nyc,Rec
1379,293,40.727205,-74.003234,13759,Convenience Store,2013-01-01 18:00:09+00:00,,Retail,Convenience Store,63.0,9.0,nyc,Return
1380,293,40.71430985040704,-73.94939443218914,24789,Other Great Outdoors,2013-01-02 18:00:09+00:00,,Landmarks and Outdoors,Other Great Outdoors,64.0,9.0,nyc,Return
1381,293,40.68900261661789,-73.9290847274161,24249,General Travel,2013-01-02 18:00:09+00:00,,Travel and Transportation,General Travel,64.0,9.0,nyc,Return
1382,293,40.71441897635021,-73.94948053437223,8491,Pizza Place,2013-01-02 18:00:09+00:00,,Dining and Drinking,Restaurant,64.0,9.0,nyc,Return
1383,293,40.71441897635021,-73.94948053437223,8491,Pizza Place,2013-01-02 18:00:09+00:00,,Dining and Drinking,Restaurant,64.0,9.0,nyc,Return
1384,293,40.68911614597272,-73.93030176231997,36933,Convenience Store,2013-01-02 18:00:09+00:00,,Retail,Convenience Store,64.0,9.0,nyc,Return
1385,293,40.72678506374359,-74.00346747445712,5959,Park,2013-01-02 18:00:09+00:00,,Landmarks and Outdoors,Park,64.0,9.0,nyc,Return
1386,293,40.7212494559167,-73.95517467359709,27492,General Entertainment,2013-01-02 18:00:09+00:00,,Arts and Entertainment,General Entertainment,64.0,9.0,nyc,Explore
1387,293,40.726493078250186,-74.00530109029536,2369,General Entertainment,2013-01-03 18:00:09+00:00,,Arts and Entertainment,General Entertainment,65.0,9.0,nyc,Return
1388,293,40.75108708825034,-74.00205308388351,32715,Gastropub,2013-01-03 18:00:09+00:00,,Dining and Drinking,Restaurant,65.0,9.0,nyc,Return
1389,293,40.71430985040704,-73.94939443218914,24789,Other Great Outdoors,2013-01-03 18:00:09+00:00,,Landmarks and Outdoors,Other Great Outdoors,65.0,9.0,nyc,Return
1390,293,40.726347595238224,-74.00433702347331,3247,Diner,2013-01-03 18:00:09+00:00,,Dining and Drinking,Restaurant,65.0,9.0,nyc,Return
1391,293,40.68904527212705,-73.93031898445723,37312,Convenience Store,2013-01-03 18:00:09+00:00,,Retail,Convenience Store,65.0,9.0,nyc,Return
1392,293,40.72648554606392,-74.00508876647187,35262,Office,2013-01-03 18:00:09+00:00,,Dining and Drinking,Cafeteria,65.0,9.0,nyc,Return
1393,293,40.71430985040704,-73.94939443218914,24789,Other Great Outdoors,2013-01-04 18:00:09+00:00,,Landmarks and Outdoors,Other Great Outdoors,66.0,9.0,nyc,Return
1394,293,40.713123,-73.94920527935028,8900,Pizza Place,2013-01-04 18:00:09+00:00,,Dining and Drinking,Restaurant,66.0,9.0,nyc,Explore
1395,293,40.726901990216966,-74.00327539665169,18829,Deli / Bodega,2013-01-04 18:00:09+00:00,,Dining and Drinking,Restaurant,66.0,9.0,nyc,Return
1396,293,40.71430985040704,-73.94939443218914,24789,Other Great Outdoors,2013-01-04 18:00:09+00:00,,Landmarks and Outdoors,Other Great Outdoors,66.0,9.0,nyc,Return
1397,293,40.71532844619961,-73.94954367594879,36564,General Travel,2013-01-04 18:00:09+00:00,,Travel and Transportation,General Travel,66.0,9.0,nyc,Rec
1398,293,40.716069008205125,-73.9497388406914,14297,Deli / Bodega,2013-01-04 18:00:09+00:00,,Dining and Drinking,Restaurant,66.0,9.0,nyc,Rec
1399,293,40.71532844619961,-73.94954367594879,36564,General Travel,2013-01-04 18:00:09+00:00,,Travel and Transportation,General Travel,66.0,9.0,nyc,Return
1400,293,40.729545,-73.986137,21061,Laundry Service,2013-01-04 18:00:09+00:00,,Business and Professional Services,Laundry Service,66.0,9.0,nyc,Rec
1401,293,40.716069008205125,-73.9497388406914,14297,Deli / Bodega,2013-01-04 18:00:09+00:00,,Dining and Drinking,Restaurant,66.0,9.0,nyc,Return
1402,293,40.70427317579925,-73.94809715465664,24503,Deli / Bodega,2013-01-04 18:00:09+00:00,,Dining and Drinking,Restaurant,66.0,9.0,nyc,Return
1403,293,40.72659915345058,-73.99172910762971,32107,Convenience Store,2013-01-04 18:00:09+00:00,,Retail,Convenience Store,66.0,9.0,nyc,Return
1404,293,40.68984283234376,-73.924009839255,16619,Bank,2013-01-04 18:00:09+00:00,,Business and Professional Services,Financial Service,66.0,9.0,nyc,Return
1405,293,40.68342337416824,-73.97493065621819,6731,Paper / Office Supplies Store,2013-01-04 18:00:09+00:00,,Retail,Office Supply Store,66.0,9.0,nyc,Rec
1406,293,40.726493078250186,-74.00530109029536,2369,General Entertainment,2013-01-04 18:00:09+00:00,,Arts and Entertainment,General Entertainment,66.0,9.0,nyc,Return
1407,293,40.71596444806454,-73.95324468612671,34365,General Entertainment,2013-01-05 18:00:09+00:00,,Arts and Entertainment,General Entertainment,67.0,9.0,nyc,Return
1408,293,40.716069008205125,-73.9497388406914,14297,Deli / Bodega,2013-01-05 18:00:09+00:00,,Dining and Drinking,Restaurant,67.0,9.0,nyc,Rec
1409,293,40.74298847422855,-73.93401022726191,13635,Diner,2013-01-05 18:00:09+00:00,,Dining and Drinking,Restaurant,67.0,9.0,nyc,Return
1410,293,40.731805,-73.975817,29854,Smoke Shop,2013-01-05 18:00:09+00:00,,Retail,Smoke Shop,67.0,9.0,nyc,Explore
1411,293,40.7676670790896,-73.98207032100609,27501,General Travel,2013-01-05 18:00:09+00:00,,Travel and Transportation,General Travel,67.0,9.0,nyc,Explore
1412,293,40.68990012489897,-73.93075527809141,26212,Chinese Restaurant,2013-01-05 18:00:09+00:00,,Dining and Drinking,Restaurant,67.0,9.0,nyc,Return
1413,293,40.70408637926169,-73.9480799340999,30488,General Travel,2013-01-05 18:00:09+00:00,,Travel and Transportation,General Travel,67.0,9.0,nyc,Return
1414,293,40.70408637926169,-73.9480799340999,30488,General Travel,2013-01-05 18:00:09+00:00,,Travel and Transportation,General Travel,67.0,9.0,nyc,Return
1415,293,40.70812659324226,-73.95059411915157,37193,Pizza Place,2013-01-05 18:00:09+00:00,,Dining and Drinking,Restaurant,67.0,9.0,nyc,Explore
1416,293,40.71430985040704,-73.94939443218914,24789,Other Great Outdoors,2013-01-06 18:00:09+00:00,,Landmarks and Outdoors,Other Great Outdoors,68.0,9.0,nyc,Return
1417,293,40.79997133168345,-73.9579439163208,21652,Park,2013-01-06 18:00:09+00:00,,Landmarks and Outdoors,Park,68.0,9.0,nyc,Return
1418,293,40.726347595238224,-74.00433702347331,3247,Diner,2013-01-06 18:00:09+00:00,,Dining and Drinking,Restaurant,68.0,9.0,nyc,Return
1419,293,40.71430985040704,-73.94939443218914,24789,Other Great Outdoors,2013-01-06 18:00:09+00:00,,Landmarks and Outdoors,Other Great Outdoors,68.0,9.0,nyc,Return
1420,293,40.70427317579925,-73.94809715465664,24503,Deli / Bodega,2013-01-06 18:00:09+00:00,,Dining and Drinking,Restaurant,68.0,9.0,nyc,Return
1421,293,40.71505590186361,-73.9495034949479,1317,Bakery,2013-01-06 18:00:09+00:00,,Dining and Drinking,Bakery,68.0,9.0,nyc,Return
1422,293,40.67305212308403,-73.86957277807495,19390,Pizza Place,2013-01-06 18:00:09+00:00,,Dining and Drinking,Restaurant,68.0,9.0,nyc,Rec
1423,293,40.71430985040704,-73.94939443218914,24789,Other Great Outdoors,2013-01-07 18:00:09+00:00,,Landmarks and Outdoors,Other Great Outdoors,69.0,9.0,nyc,Return
1424,293,40.71441897635021,-73.94948053437223,8491,Pizza Place,2013-01-07 18:00:09+00:00,,Dining and Drinking,Restaurant,69.0,9.0,nyc,Rec
1425,293,40.72435274098757,-73.9732662268188,27223,Park,2013-01-07 18:00:09+00:00,,Landmarks and Outdoors,Park,69.0,9.0,nyc,Explore
1426,293,40.68904527212705,-73.93031898445723,37312,Convenience Store,2013-01-07 18:00:09+00:00,,Retail,Convenience Store,69.0,9.0,nyc,Return
1427,293,40.726493078250186,-74.00530109029536,2369,General Entertainment,2013-01-08 18:00:09+00:00,,Arts and Entertainment,General Entertainment,70.0,10.0,nyc,Return
1428,293,40.81081304779258,-73.95077206251672,13080,Southern / Soul Food Restaurant,2013-01-08 18:00:09+00:00,,Dining and Drinking,Restaurant,70.0,10.0,nyc,Return
1429,293,40.70427317579925,-73.94809715465664,24503,Deli / Bodega,2013-01-08 18:00:09+00:00,,Dining and Drinking,Restaurant,70.0,10.0,nyc,Return
1430,293,40.72678506374359,-74.00346747445712,5959,Park,2013-01-08 18:00:09+00:00,,Landmarks and Outdoors,Park,70.0,10.0,nyc,Return
1431,293,40.727205,-74.003234,13759,Convenience Store,2013-01-08 18:00:09+00:00,,Retail,Convenience Store,70.0,10.0,nyc,Return
1432,293,40.726493078250186,-74.00530109029536,2369,General Entertainment,2013-01-08 18:00:09+00:00,,Arts and Entertainment,General Entertainment,70.0,10.0,nyc,Return
1433,293,40.67289579742284,-73.87072127459737,34376,Deli / Bodega,2013-01-09 18:00:09+00:00,,Dining and Drinking,Restaurant,71.0,10.0,nyc,Return
1434,293,40.67305212308403,-73.86957277807495,19390,Pizza Place,2013-01-09 18:00:09+00:00,,Dining and Drinking,Restaurant,71.0,10.0,nyc,Rec
1435,293,40.6876553413287,-73.87340298780289,33843,Other Great Outdoors,2013-01-09 18:00:09+00:00,,Landmarks and Outdoors,Other Great Outdoors,71.0,10.0,nyc,Rec
1436,293,40.68900261661789,-73.9290847274161,24249,General Travel,2013-01-09 18:00:09+00:00,,Travel and Transportation,General Travel,71.0,10.0,nyc,Return
1437,293,40.70408637926169,-73.9480799340999,30488,General Travel,2013-01-09 18:00:09+00:00,,Travel and Transportation,General Travel,71.0,10.0,nyc,Return
1438,293,40.73124093737987,-73.98864730158843,4731,Convenience Store,2013-01-09 18:00:09+00:00,,Retail,Convenience Store,71.0,10.0,nyc,Explore
1439,293,40.727035,-74.005569,10353,Paper / Office Supplies Store,2013-01-09 18:00:09+00:00,,Retail,Office Supply Store,71.0,10.0,nyc,Rec
1440,293,40.72648554606392,-74.00508876647187,35262,Office,2013-01-09 18:00:09+00:00,,Dining and Drinking,Cafeteria,71.0,10.0,nyc,Return
1441,293,40.726493078250186,-74.00530109029536,2369,General Entertainment,2013-01-10 18:00:09+00:00,,Arts and Entertainment,General Entertainment,72.0,10.0,nyc,Return
1442,293,40.716069008205125,-73.9497388406914,14297,Deli / Bodega,2013-01-10 18:00:09+00:00,,Dining and Drinking,Restaurant,72.0,10.0,nyc,Return
1443,293,40.69255611821775,-73.98887112157107,33910,Bakery,2013-01-10 18:00:09+00:00,,Dining and Drinking,Bakery,72.0,10.0,nyc,Rec
1444,293,40.71430985040704,-73.94939443218914,24789,Other Great Outdoors,2013-01-10 18:00:09+00:00,,Landmarks and Outdoors,Other Great Outdoors,72.0,10.0,nyc,Return
1445,293,40.727244057142855,-73.986333,1431,Smoke Shop,2013-01-10 18:00:09+00:00,,Retail,Smoke Shop,72.0,10.0,nyc,Explore
1446,293,40.75463570120792,-73.98010177430896,5266,Electronics Store,2013-01-10 18:00:09+00:00,,Retail,Computers and Electronics Retail,72.0,10.0,nyc,Rec
1447,293,40.71595073760232,-73.94959533722336,24873,Smoke Shop,2013-01-11 18:00:09+00:00,,Retail,Smoke Shop,73.0,10.0,nyc,Return
1448,293,40.71430985040704,-73.94939443218914,24789,Other Great Outdoors,2013-01-11 18:00:09+00:00,,Landmarks and Outdoors,Other Great Outdoors,73.0,10.0,nyc,Return
1449,293,40.714049,-73.949311,26729,Bagel Shop,2013-01-11 18:00:09+00:00,,Dining and Drinking,Bagel Shop,73.0,10.0,nyc,Return
1450,293,40.70427317579925,-73.94809715465664,24503,Deli / Bodega,2013-01-11 18:00:09+00:00,,Dining and Drinking,Restaurant,73.0,10.0,nyc,Rec
1451,293,40.68900261661789,-73.9290847274161,24249,General Travel,2013-01-11 18:00:09+00:00,,Travel and Transportation,General Travel,73.0,10.0,nyc,Return
1452,293,40.66524026791559,-73.90229080699173,23985,Convenience Store,2013-01-11 18:00:09+00:00,,Retail,Convenience Store,73.0,10.0,nyc,Explore
1453,293,40.70408637926169,-73.9480799340999,30488,General Travel,2013-01-11 18:00:09+00:00,,Travel and Transportation,General Travel,73.0,10.0,nyc,Return
1454,293,40.71559176749147,-73.94962403792549,30920,Deli / Bodega,2013-01-11 18:00:09+00:00,,Dining and Drinking,Restaurant,73.0,10.0,nyc,Return
1455,293,40.71505590186361,-73.9495034949479,1317,Bakery,2013-01-11 18:00:09+00:00,,Dining and Drinking,Bakery,73.0,10.0,nyc,Return
1456,293,40.723474,-73.950645,1044,Chinese Restaurant,2013-01-11 18:00:09+00:00,,Dining and Drinking,Restaurant,73.0,10.0,nyc,Explore
1457,293,40.71430985040704,-73.94939443218914,24789,Other Great Outdoors,2013-01-12 18:00:09+00:00,,Landmarks and Outdoors,Other Great Outdoors,74.0,10.0,nyc,Return
1458,293,40.71430985040704,-73.94939443218914,24789,Other Great Outdoors,2013-01-12 18:00:09+00:00,,Landmarks and Outdoors,Other Great Outdoors,74.0,10.0,nyc,Rec
1459,293,40.714049,-73.949311,26729,Bagel Shop,2013-01-12 18:00:09+00:00,,Dining and Drinking,Bagel Shop,74.0,10.0,nyc,Return
1460,293,40.72716120053256,-74.00555849075317,5385,Pizza Place,2013-01-12 18:00:09+00:00,,Dining and Drinking,Restaurant,74.0,10.0,nyc,Return
1461,293,40.698115900275845,-73.9920562238005,34302,General Travel,2013-01-12 18:00:09+00:00,,Travel and Transportation,General Travel,74.0,10.0,nyc,Explore
1462,293,40.73846509,-73.982183,14731,Burger Joint,2013-01-12 18:00:09+00:00,,Dining and Drinking,Restaurant,74.0,10.0,nyc,Explore
1463,293,40.68904527212705,-73.93031898445723,37312,Convenience Store,2013-01-12 18:00:09+00:00,,Retail,Convenience Store,74.0,10.0,nyc,Rec
1464,293,40.71430985040704,-73.94939443218914,24789,Other Great Outdoors,2013-01-12 18:00:09+00:00,,Landmarks and Outdoors,Other Great Outdoors,74.0,10.0,nyc,Return
1465,293,40.70507898542075,-73.93364403923762,2231,Pizza Place,2013-01-12 18:00:09+00:00,,Dining and Drinking,Restaurant,74.0,10.0,nyc,Rec
1466,293,40.71430985040704,-73.94939443218914,24789,Other Great Outdoors,2013-01-13 18:00:09+00:00,,Landmarks and Outdoors,Other Great Outdoors,75.0,10.0,nyc,Return
1467,293,40.743527,-73.973873,5102,Bagel Shop,2013-01-13 18:00:09+00:00,,Dining and Drinking,Bagel Shop,75.0,10.0,nyc,Return
1468,293,40.731155872068506,-73.98872764725327,2196,American Restaurant,2013-01-13 18:00:09+00:00,,Dining and Drinking,Restaurant,75.0,10.0,nyc,Rec
1469,293,40.71494794664117,-73.94981145858765,30154,Food & Drink Shop,2013-01-13 18:00:09+00:00,,Retail,Food and Beverage Retail,75.0,10.0,nyc,Return
1470,293,40.68914413452149,-73.9303207397461,36932,Deli / Bodega,2013-01-13 18:00:09+00:00,,Dining and Drinking,Restaurant,75.0,10.0,nyc,Return
1471,293,40.727205,-74.003234,13759,Convenience Store,2013-01-13 18:00:09+00:00,,Retail,Convenience Store,75.0,10.0,nyc,Return
1472,293,40.68904527212705,-73.93031898445723,37312,Convenience Store,2013-01-13 18:00:09+00:00,,Retail,Convenience Store,75.0,10.0,nyc,Return
1473,293,40.716069008205125,-73.9497388406914,14297,Deli / Bodega,2013-01-13 18:00:09+00:00,,Dining and Drinking,Restaurant,75.0,10.0,nyc,Return
1474,293,40.71746884168838,-73.94505321979523,3702,Bakery,2013-01-13 18:00:09+00:00,,Dining and Drinking,Bakery,75.0,10.0,nyc,Explore
1475,293,40.68990012489897,-73.93075527809141,26212,Chinese Restaurant,2013-01-13 18:00:09+00:00,,Dining and Drinking,Restaurant,75.0,10.0,nyc,Return
1476,293,40.71595073760232,-73.94959533722336,24873,Smoke Shop,2013-01-13 18:00:09+00:00,,Retail,Smoke Shop,75.0,10.0,nyc,Rec
1477,293,40.71195527634772,-73.96281480789185,2401,Bagel Shop,2013-01-14 18:00:09+00:00,,Dining and Drinking,Bagel Shop,76.0,10.0,nyc,Rec
1478,293,40.7594385602208,-73.95782652389153,15038,Other Great Outdoors,2013-01-14 18:00:09+00:00,,Landmarks and Outdoors,Park,76.0,10.0,nyc,Return
1479,293,40.75557964275588,-73.97086143493652,3323,Mexican Restaurant,2013-01-14 18:00:09+00:00,,Dining and Drinking,Restaurant,76.0,10.0,nyc,Rec
1480,293,40.74736352502541,-73.99311791279167,27580,General Travel,2013-01-14 18:00:09+00:00,,Travel and Transportation,General Travel,76.0,10.0,nyc,Return
1481,293,40.72659915345058,-73.99172910762971,32107,Convenience Store,2013-01-14 18:00:09+00:00,,Retail,Convenience Store,76.0,10.0,nyc,Return
1482,293,40.70427317579925,-73.94809715465664,24503,Deli / Bodega,2013-01-14 18:00:09+00:00,,Dining and Drinking,Restaurant,76.0,10.0,nyc,Return
1483,293,40.690652,-73.92427,11278,Food & Drink Shop,2013-01-14 18:00:09+00:00,,Retail,Food and Beverage Retail,76.0,10.0,nyc,Return
1484,293,40.714049,-73.949311,26729,Bagel Shop,2013-01-14 18:00:09+00:00,,Dining and Drinking,Bagel Shop,76.0,10.0,nyc,Return
1485,293,40.68990012489897,-73.93075527809141,26212,Chinese Restaurant,2013-01-14 18:00:09+00:00,,Dining and Drinking,Restaurant,76.0,10.0,nyc,Return
1486,293,40.71075881245712,-73.96758410080459,10573,Pizza Place,2013-01-14 18:00:09+00:00,,Dining and Drinking,Restaurant,76.0,10.0,nyc,Explore
1487,293,40.68900261661789,-73.9290847274161,24249,General Travel,2013-01-15 18:00:09+00:00,,Travel and Transportation,General Travel,77.0,11.0,nyc,Rec
1488,293,40.693605,-73.925927,29518,Chinese Restaurant,2013-01-15 18:00:09+00:00,,Dining and Drinking,Restaurant,77.0,11.0,nyc,Explore
1489,293,40.69027455119438,-73.92338408028661,26992,Miscellaneous Shop,2013-01-15 18:00:09+00:00,,Retail,Miscellaneous Store,77.0,11.0,nyc,Return
1490,293,40.67284025644557,-73.8707270170631,15722,Chinese Restaurant,2013-01-15 18:00:09+00:00,,Dining and Drinking,Restaurant,77.0,11.0,nyc,Rec
1491,293,40.71327789941881,-73.90756146881994,30429,General Travel,2013-01-15 18:00:09+00:00,,Travel and Transportation,General Travel,77.0,11.0,nyc,Explore
1492,293,40.716069008205125,-73.9497388406914,14297,Deli / Bodega,2013-01-15 18:00:09+00:00,,Dining and Drinking,Restaurant,77.0,11.0,nyc,Return
1493,293,40.716069008205125,-73.9497388406914,14297,Deli / Bodega,2013-01-16 18:00:09+00:00,,Dining and Drinking,Restaurant,78.0,11.0,nyc,Return
1494,293,40.68904527212705,-73.93031898445723,37312,Convenience Store,2013-01-16 18:00:09+00:00,,Retail,Convenience Store,78.0,11.0,nyc,Return
1495,293,40.68900261661789,-73.9290847274161,24249,General Travel,2013-01-16 18:00:09+00:00,,Travel and Transportation,General Travel,78.0,11.0,nyc,Explore
1496,293,40.71430985040704,-73.94939443218914,24789,Other Great Outdoors,2013-01-17 18:00:09+00:00,,Landmarks and Outdoors,Other Great Outdoors,79.0,11.0,nyc,Return
1497,293,40.65855255063242,-73.90799045562743,25519,Laundry Service,2013-01-17 18:00:09+00:00,,Business and Professional Services,Laundry Service,79.0,11.0,nyc,Rec
1498,293,40.70427317579925,-73.94809715465664,24503,Deli / Bodega,2013-01-17 18:00:09+00:00,,Dining and Drinking,Restaurant,79.0,11.0,nyc,Return
1499,293,40.711125,-73.949002,2377,Falafel Restaurant,2013-01-17 18:00:09+00:00,,Dining and Drinking,Restaurant,79.0,11.0,nyc,Rec
1500,293,40.71535636027009,-73.95960014369386,25646,Food & Drink Shop,2013-01-17 18:00:09+00:00,,Retail,Food and Beverage Retail,79.0,11.0,nyc,Explore
1501,293,40.68900261661789,-73.9290847274161,24249,General Travel,2013-01-17 18:00:09+00:00,,Travel and Transportation,General Travel,79.0,11.0,nyc,Return
1502,293,40.694655,-73.955776,17497,Eastern European Restaurant,2013-01-17 18:00:09+00:00,,Dining and Drinking,Restaurant,79.0,11.0,nyc,Explore
1503,293,40.68900261661789,-73.9290847274161,24249,General Travel,2013-01-17 18:00:09+00:00,,Travel and Transportation,General Travel,79.0,11.0,nyc,Return
1504,293,40.71430985040704,-73.94939443218914,24789,Other Great Outdoors,2013-01-17 18:00:09+00:00,,Landmarks and Outdoors,Other Great Outdoors,79.0,11.0,nyc,Return
1505,293,40.740826,-73.998097,2784,Bakery,2013-01-17 18:00:09+00:00,,Dining and Drinking,Bakery,79.0,11.0,nyc,Explore
1506,293,40.74311798755407,-74.00001013995829,615,Cuban Restaurant,2013-01-17 18:00:09+00:00,,Dining and Drinking,Restaurant,79.0,11.0,nyc,Explore
1507,293,40.71595073760232,-73.94959533722336,24873,Smoke Shop,2013-01-17 18:00:09+00:00,,Retail,Smoke Shop,79.0,11.0,nyc,Return
1508,293,40.70633605501917,-73.94754035587833,12852,Park,2013-01-18 18:00:09+00:00,,Landmarks and Outdoors,Park,80.0,11.0,nyc,Rec
1509,293,40.68900261661789,-73.9290847274161,24249,General Travel,2013-01-18 18:00:09+00:00,,Travel and Transportation,General Travel,80.0,11.0,nyc,Return
1510,293,40.70548183,-73.933317,4670,Sandwich Place,2013-01-18 18:00:09+00:00,,Dining and Drinking,Restaurant,80.0,11.0,nyc,Explore
1511,293,40.69054151282002,-73.93374615934772,28351,Laundry Service,2013-01-18 18:00:09+00:00,,Business and Professional Services,Laundry Service,80.0,11.0,nyc,Return
1512,293,40.71559176749147,-73.94962403792549,30920,Deli / Bodega,2013-01-18 18:00:09+00:00,,Dining and Drinking,Restaurant,80.0,11.0,nyc,Return
1513,293,40.71532844619961,-73.94954367594879,36564,General Travel,2013-01-18 18:00:09+00:00,,Travel and Transportation,General Travel,80.0,11.0,nyc,Return
1514,293,40.71430985040704,-73.94939443218914,24789,Other Great Outdoors,2013-01-18 18:00:09+00:00,,Landmarks and Outdoors,Other Great Outdoors,80.0,11.0,nyc,Return
1515,293,40.71505590186361,-73.9495034949479,1317,Bakery,2013-01-18 18:00:09+00:00,,Dining and Drinking,Bakery,80.0,11.0,nyc,Rec
1516,293,40.71043968200684,-73.948771,13021,Food & Drink Shop,2013-01-18 18:00:09+00:00,,Retail,Food and Beverage Retail,80.0,11.0,nyc,Return
1517,293,40.74733835203195,-73.98198997255602,16935,American Restaurant,2013-01-18 18:00:09+00:00,,Dining and Drinking,Restaurant,80.0,11.0,nyc,Return
1518,293,40.70427317579925,-73.94809715465664,24503,Deli / Bodega,2013-01-21 18:00:09+00:00,,Dining and Drinking,Restaurant,83.0,11.0,nyc,Return
1519,293,40.70408637926169,-73.9480799340999,30488,General Travel,2013-01-21 18:00:09+00:00,,Travel and Transportation,General Travel,83.0,11.0,nyc,Return
1520,293,40.72678506374359,-74.00346747445712,5959,Park,2013-01-21 18:00:09+00:00,,Landmarks and Outdoors,Park,83.0,11.0,nyc,Return
1521,293,40.72648554606392,-74.00508876647187,35262,Office,2013-01-21 18:00:09+00:00,,Dining and Drinking,Cafeteria,83.0,11.0,nyc,Return
1522,293,40.72513896666667,-74.002963,5913,Smoke Shop,2013-01-22 18:00:09+00:00,,Retail,Smoke Shop,84.0,12.0,nyc,Rec
1523,293,40.73555983715571,-74.0052494439816,20184,Other Great Outdoors,2013-01-22 18:00:09+00:00,,Landmarks and Outdoors,Other Great Outdoors,84.0,12.0,nyc,Explore
1524,293,40.68900261661789,-73.9290847274161,24249,General Travel,2013-01-22 18:00:09+00:00,,Travel and Transportation,General Travel,84.0,12.0,nyc,Return
1525,293,40.68900261661789,-73.9290847274161,24249,General Travel,2013-01-22 18:00:09+00:00,,Travel and Transportation,General Travel,84.0,12.0,nyc,Return
1526,293,40.71637677255043,-73.96265371629035,37296,Pizza Place,2013-01-24 18:00:09+00:00,,Dining and Drinking,Restaurant,86.0,12.0,nyc,Explore
1527,293,40.76058886803392,-73.9736852052302,33318,Sushi Restaurant,2013-01-24 18:00:09+00:00,,Dining and Drinking,Restaurant,86.0,12.0,nyc,Explore
1528,293,40.68904527212705,-73.93031898445723,37312,Convenience Store,2013-01-24 18:00:09+00:00,,Retail,Convenience Store,86.0,12.0,nyc,Return
1529,293,40.68900261661789,-73.9290847274161,24249,General Travel,2013-01-24 18:00:09+00:00,,Travel and Transportation,General Travel,86.0,12.0,nyc,Return
1530,293,40.726493078250186,-74.00530109029536,2369,General Entertainment,2013-01-24 18:00:09+00:00,,Arts and Entertainment,General Entertainment,86.0,12.0,nyc,Return
1531,293,40.72648554606392,-74.00508876647187,35262,Office,2013-01-24 18:00:09+00:00,,Dining and Drinking,Cafeteria,86.0,12.0,nyc,Return
1532,293,40.73939794092962,-73.99320973426613,26195,General Entertainment,2013-01-25 18:00:09+00:00,,Arts and Entertainment,General Entertainment,87.0,12.0,nyc,Rec
1533,293,40.68990012489897,-73.93075527809141,26212,Chinese Restaurant,2013-01-25 18:00:09+00:00,,Dining and Drinking,Restaurant,87.0,12.0,nyc,Return
1534,293,40.71430985040704,-73.94939443218914,24789,Other Great Outdoors,2013-01-25 18:00:09+00:00,,Landmarks and Outdoors,Other Great Outdoors,87.0,12.0,nyc,Return
1535,293,40.71430985040704,-73.94939443218914,24789,Other Great Outdoors,2013-01-25 18:00:09+00:00,,Landmarks and Outdoors,Other Great Outdoors,87.0,12.0,nyc,Rec
1536,293,40.68900261661789,-73.9290847274161,24249,General Travel,2013-01-25 18:00:09+00:00,,Travel and Transportation,General Travel,87.0,12.0,nyc,Return
1537,293,40.72270549271865,-73.99819850921631,410,French Restaurant,2013-01-25 18:00:09+00:00,,Dining and Drinking,Restaurant,87.0,12.0,nyc,Rec
1538,293,40.74736352502541,-73.99311791279167,27580,General Travel,2013-01-25 18:00:09+00:00,,Travel and Transportation,General Travel,87.0,12.0,nyc,Return
1539,293,40.71441897635021,-73.94948053437223,8491,Pizza Place,2013-01-25 18:00:09+00:00,,Dining and Drinking,Restaurant,87.0,12.0,nyc,Return
1540,293,40.69104399432907,-73.95135181234429,17025,Medical Center,2013-01-25 18:00:09+00:00,,Health and Medicine,Physician,87.0,12.0,nyc,Explore
1541,293,40.73177921058233,-73.98240566253662,7174,Drugstore / Pharmacy,2013-01-25 18:00:09+00:00,,Retail,Pharmacy,87.0,12.0,nyc,Rec
1542,293,40.727297,-74.005485,4779,Sandwich Place,2013-01-25 18:00:09+00:00,,Dining and Drinking,Restaurant,87.0,12.0,nyc,Return
1543,293,40.71505590186361,-73.9495034949479,1317,Bakery,2013-01-25 18:00:09+00:00,,Dining and Drinking,Bakery,87.0,12.0,nyc,Return
1544,293,40.70427317579925,-73.94809715465664,24503,Deli / Bodega,2013-01-25 18:00:09+00:00,,Dining and Drinking,Restaurant,87.0,12.0,nyc,Return
1545,293,40.74627906331481,-73.99794995814524,2470,Bagel Shop,2013-01-26 18:00:09+00:00,,Dining and Drinking,Bagel Shop,88.0,12.0,nyc,Explore
1546,293,40.7463354,-74.0037855,14424,Playground,2013-01-26 18:00:09+00:00,,Landmarks and Outdoors,Park,88.0,12.0,nyc,Explore
1547,293,40.74721980858688,-74.00460099463366,1022,Tapas Restaurant,2013-01-26 18:00:09+00:00,,Dining and Drinking,Restaurant,88.0,12.0,nyc,Explore
1548,293,40.68900261661789,-73.9290847274161,24249,General Travel,2013-01-26 18:00:09+00:00,,Travel and Transportation,General Travel,88.0,12.0,nyc,Return
1549,293,40.68990012489897,-73.93075527809141,26212,Chinese Restaurant,2013-01-26 18:00:09+00:00,,Dining and Drinking,Restaurant,88.0,12.0,nyc,Return
1550,293,40.752043933832766,-73.9854621427848,33560,Smoke Shop,2013-01-26 18:00:09+00:00,,Retail,Smoke Shop,88.0,12.0,nyc,Rec
1551,293,40.714049,-73.949311,26729,Bagel Shop,2013-01-27 18:00:09+00:00,,Dining and Drinking,Bagel Shop,89.0,12.0,nyc,Rec
1552,293,40.68900261661789,-73.9290847274161,24249,General Travel,2013-01-27 18:00:09+00:00,,Travel and Transportation,General Travel,89.0,12.0,nyc,Return
1553,293,40.69027455119438,-73.92338408028661,26992,Miscellaneous Shop,2013-01-27 18:00:09+00:00,,Retail,Miscellaneous Store,89.0,12.0,nyc,Return
1554,293,40.727205,-74.003234,13759,Convenience Store,2013-01-27 18:00:09+00:00,,Retail,Convenience Store,89.0,12.0,nyc,Return
1555,293,40.76033171613185,-73.99532161604229,22699,General Travel,2013-01-27 18:00:09+00:00,,Travel and Transportation,General Travel,89.0,12.0,nyc,Explore
1556,293,40.71430985040704,-73.94939443218914,24789,Other Great Outdoors,2013-01-27 18:00:09+00:00,,Landmarks and Outdoors,Other Great Outdoors,89.0,12.0,nyc,Return
1557,293,40.716069008205125,-73.9497388406914,14297,Deli / Bodega,2013-01-27 18:00:09+00:00,,Dining and Drinking,Restaurant,89.0,12.0,nyc,Rec
1558,293,40.724118658113454,-73.95111646856455,23783,Mexican Restaurant,2013-01-27 18:00:09+00:00,,Dining and Drinking,Restaurant,89.0,12.0,nyc,Return
1559,293,40.71441897635021,-73.94948053437223,8491,Pizza Place,2013-01-28 18:00:09+00:00,,Dining and Drinking,Restaurant,90.0,12.0,nyc,Rec
1560,293,40.70281423588066,-73.93370023445638,24515,Italian Restaurant,2013-01-28 18:00:09+00:00,,Dining and Drinking,Restaurant,90.0,12.0,nyc,Return
1561,293,40.68904527212705,-73.93031898445723,37312,Convenience Store,2013-01-28 18:00:09+00:00,,Retail,Convenience Store,90.0,12.0,nyc,Rec
1562,293,40.68900261661789,-73.9290847274161,24249,General Travel,2013-01-28 18:00:09+00:00,,Travel and Transportation,General Travel,90.0,12.0,nyc,Return
1563,293,40.72678506374359,-74.00346747445712,5959,Park,2013-01-28 18:00:09+00:00,,Landmarks and Outdoors,Park,90.0,12.0,nyc,Return
1564,293,40.716069008205125,-73.9497388406914,14297,Deli / Bodega,2013-01-29 18:00:09+00:00,,Dining and Drinking,Restaurant,91.0,13.0,nyc,Rec
1565,293,40.68904527212705,-73.93031898445723,37312,Convenience Store,2013-01-29 18:00:09+00:00,,Retail,Convenience Store,91.0,13.0,nyc,Return
1566,293,40.70408637926169,-73.9480799340999,30488,General Travel,2013-01-29 18:00:09+00:00,,Travel and Transportation,General Travel,91.0,13.0,nyc,Return
1567,293,40.740223,-73.982688,4400,Bagel Shop,2013-01-29 18:00:09+00:00,,Dining and Drinking,Bagel Shop,91.0,13.0,nyc,Return
1568,293,40.74035148130449,-73.9828852819583,8502,Chinese Restaurant,2013-01-29 18:00:09+00:00,,Dining and Drinking,Restaurant,91.0,13.0,nyc,Explore
1569,293,40.71559176749147,-73.94962403792549,30920,Deli / Bodega,2013-01-29 18:00:09+00:00,,Dining and Drinking,Restaurant,91.0,13.0,nyc,Return
1570,293,40.717551,-73.96271,22562,Food & Drink Shop,2013-01-29 18:00:09+00:00,,Retail,Food and Beverage Retail,91.0,13.0,nyc,Explore
1571,293,40.71430985040704,-73.94939443218914,24789,Other Great Outdoors,2013-01-30 18:00:09+00:00,,Landmarks and Outdoors,Other Great Outdoors,92.0,13.0,nyc,Return
1572,293,40.68900261661789,-73.9290847274161,24249,General Travel,2013-01-30 18:00:09+00:00,,Travel and Transportation,General Travel,92.0,13.0,nyc,Return
1573,293,40.68900261661789,-73.9290847274161,24249,General Travel,2013-01-30 18:00:09+00:00,,Travel and Transportation,General Travel,92.0,13.0,nyc,Explore
1574,293,40.70427317579925,-73.94809715465664,24503,Deli / Bodega,2013-01-30 18:00:09+00:00,,Dining and Drinking,Restaurant,92.0,13.0,nyc,Return
1575,293,40.70408637926169,-73.9480799340999,30488,General Travel,2013-01-30 18:00:09+00:00,,Travel and Transportation,General Travel,92.0,13.0,nyc,Rec
1576,293,40.72678506374359,-74.00346747445712,5959,Park,2013-01-30 18:00:09+00:00,,Landmarks and Outdoors,Park,92.0,13.0,nyc,Return
1577,293,40.727205,-74.003234,13759,Convenience Store,2013-01-30 18:00:09+00:00,,Retail,Convenience Store,92.0,13.0,nyc,Rec
1578,293,40.727035,-74.005569,10353,Paper / Office Supplies Store,2013-01-30 18:00:09+00:00,,Retail,Office Supply Store,92.0,13.0,nyc,Return
1579,293,40.68679893275108,-73.97814468603534,35793,General Entertainment,2013-01-31 18:00:09+00:00,,Arts and Entertainment,General Entertainment,93.0,13.0,nyc,Return
1580,293,40.72648554606392,-74.00508876647187,35262,Office,2013-01-31 18:00:09+00:00,,Dining and Drinking,Cafeteria,93.0,13.0,nyc,Return
1581,293,40.71753389578094,-74.00049448013306,3342,Vietnamese Restaurant,2013-01-31 18:00:09+00:00,,Dining and Drinking,Restaurant,93.0,13.0,nyc,Return
1582,293,40.71505590186361,-73.9495034949479,1317,Bakery,2013-01-31 18:00:09+00:00,,Dining and Drinking,Bakery,93.0,13.0,nyc,Rec
1583,293,40.71441897635021,-73.94948053437223,8491,Pizza Place,2013-01-31 18:00:09+00:00,,Dining and Drinking,Restaurant,93.0,13.0,nyc,Return
1584,293,40.68900261661789,-73.9290847274161,24249,General Travel,2013-01-31 18:00:09+00:00,,Travel and Transportation,General Travel,93.0,13.0,nyc,Return
1585,293,40.72659915345058,-73.99172910762971,32107,Convenience Store,2013-01-31 18:00:09+00:00,,Retail,Convenience Store,93.0,13.0,nyc,Return
1586,293,40.68900261661789,-73.9290847274161,24249,General Travel,2013-01-31 18:00:09+00:00,,Travel and Transportation,General Travel,93.0,13.0,nyc,Return
1587,293,40.72678506374359,-74.00346747445712,5959,Park,2013-01-31 18:00:09+00:00,,Landmarks and Outdoors,Park,93.0,13.0,nyc,Rec
1588,293,40.73729201850907,-73.97908018819395,31530,Convenience Store,2013-01-31 18:00:09+00:00,,Retail,Convenience Store,93.0,13.0,nyc,Explore
1589,293,40.74023847141217,-73.99228003980646,5840,General Entertainment,2013-01-31 18:00:09+00:00,,Arts and Entertainment,General Entertainment,93.0,13.0,nyc,Return
1590,293,40.74158328899093,-74.00311231613159,5558,Office,2013-01-31 18:00:09+00:00,,Dining and Drinking,Cafeteria,93.0,13.0,nyc,Rec
1591,293,40.759220487652186,-73.98880004882812,35300,Mexican Restaurant,2013-02-01 18:00:09+00:00,,Dining and Drinking,Restaurant,94.0,13.0,nyc,Rec
1592,293,40.75367997099852,-73.99939610479981,30536,Bakery,2013-02-01 18:00:09+00:00,,Dining and Drinking,Bakery,94.0,13.0,nyc,Rec
1593,293,40.70427317579925,-73.94809715465664,24503,Deli / Bodega,2013-02-01 18:00:09+00:00,,Dining and Drinking,Restaurant,94.0,13.0,nyc,Return
1594,293,40.71405341255032,-73.99274826049805,22491,General Travel,2013-02-01 18:00:09+00:00,,Travel and Transportation,General Travel,94.0,13.0,nyc,Explore
1595,293,40.71417209974144,-73.99654971050705,11954,General Travel,2013-02-01 18:00:09+00:00,,Travel and Transportation,General Travel,94.0,13.0,nyc,Rec
1596,293,40.71995059157148,-74.01292163795515,13262,Park,2013-02-01 18:00:09+00:00,,Landmarks and Outdoors,Park,94.0,13.0,nyc,Explore
1597,293,40.726493078250186,-74.00530109029536,2369,General Entertainment,2013-02-01 18:00:09+00:00,,Arts and Entertainment,General Entertainment,94.0,13.0,nyc,Return
1598,293,40.71430985040704,-73.94939443218914,24789,Other Great Outdoors,2013-02-02 18:00:09+00:00,,Landmarks and Outdoors,Other Great Outdoors,95.0,13.0,nyc,Return
1599,293,40.71505590186361,-73.9495034949479,1317,Bakery,2013-02-02 18:00:09+00:00,,Dining and Drinking,Bakery,95.0,13.0,nyc,Return
1600,293,40.69054151282002,-73.93374615934772,28351,Laundry Service,2013-02-02 18:00:09+00:00,,Business and Professional Services,Laundry Service,95.0,13.0,nyc,Return
1601,293,40.68099,-73.975448,5099,Hot Dog Joint,2013-02-02 18:00:09+00:00,,Dining and Drinking,Restaurant,95.0,13.0,nyc,Explore
1602,293,40.68320180143226,-73.9747469957497,6506,Miscellaneous Shop,2013-02-02 18:00:09+00:00,,Retail,Miscellaneous Store,95.0,13.0,nyc,Rec
1603,293,40.68648231409819,-73.93029028089428,20124,Miscellaneous Shop,2013-02-02 18:00:09+00:00,,Retail,Miscellaneous Store,95.0,13.0,nyc,Return
1604,293,40.68950405648364,-73.92209811057555,29717,Electronics Store,2013-02-02 18:00:09+00:00,,Retail,Computers and Electronics Retail,95.0,13.0,nyc,Return
1605,293,40.68937,-73.92209,33007,Deli / Bodega,2013-02-02 18:00:09+00:00,,Dining and Drinking,Restaurant,95.0,13.0,nyc,Rec
1606,293,40.727205,-74.003234,13759,Convenience Store,2013-02-02 18:00:09+00:00,,Retail,Convenience Store,95.0,13.0,nyc,Return
1607,293,40.71532844619961,-73.94954367594879,36564,General Travel,2013-02-02 18:00:09+00:00,,Travel and Transportation,General Travel,95.0,13.0,nyc,Rec
1608,293,40.70089722688214,-73.94211004871822,11852,Bank,2013-02-02 18:00:09+00:00,,Business and Professional Services,Financial Service,95.0,13.0,nyc,Return
1609,293,40.68927817624841,-73.92219543457031,11105,Drugstore / Pharmacy,2013-02-02 18:00:09+00:00,,Retail,Pharmacy,95.0,13.0,nyc,Rec
1610,293,40.71430985040704,-73.94939443218914,24789,Other Great Outdoors,2013-02-02 18:00:09+00:00,,Landmarks and Outdoors,Other Great Outdoors,95.0,13.0,nyc,Rec
1611,293,40.68990012489897,-73.93075527809141,26212,Chinese Restaurant,2013-02-02 18:00:09+00:00,,Dining and Drinking,Restaurant,95.0,13.0,nyc,Return
1612,293,40.71505590186361,-73.9495034949479,1317,Bakery,2013-02-02 18:00:09+00:00,,Dining and Drinking,Bakery,95.0,13.0,nyc,Return
1613,293,40.68990012489897,-73.93075527809141,26212,Chinese Restaurant,2013-02-02 18:00:09+00:00,,Dining and Drinking,Restaurant,95.0,13.0,nyc,Return
1614,293,40.71595073760232,-73.94959533722336,24873,Smoke Shop,2013-02-02 18:00:09+00:00,,Retail,Smoke Shop,95.0,13.0,nyc,Rec
1615,293,40.68900261661789,-73.9290847274161,24249,General Travel,2013-02-03 18:00:09+00:00,,Travel and Transportation,General Travel,96.0,13.0,nyc,Return
1616,293,40.68900261661789,-73.9290847274161,24249,General Travel,2013-02-03 18:00:09+00:00,,Travel and Transportation,General Travel,96.0,13.0,nyc,Rec
1617,293,40.729945,-74.003946,5671,Italian Restaurant,2013-02-03 18:00:09+00:00,,Dining and Drinking,Restaurant,96.0,13.0,nyc,Return
1618,293,40.726347595238224,-74.00433702347331,3247,Diner,2013-02-03 18:00:09+00:00,,Dining and Drinking,Restaurant,96.0,13.0,nyc,Return
1619,293,40.737080298662434,-73.98446928068036,24105,Convenience Store,2013-02-03 18:00:09+00:00,,Retail,Convenience Store,96.0,13.0,nyc,Rec
1620,293,40.68927817624841,-73.92219543457031,11105,Drugstore / Pharmacy,2013-02-03 18:00:09+00:00,,Retail,Pharmacy,96.0,13.0,nyc,Return
1621,293,40.71430985040704,-73.94939443218914,24789,Other Great Outdoors,2013-02-03 18:00:09+00:00,,Landmarks and Outdoors,Other Great Outdoors,96.0,13.0,nyc,Return
1622,293,40.68990012489897,-73.93075527809141,26212,Chinese Restaurant,2013-02-03 18:00:09+00:00,,Dining and Drinking,Restaurant,96.0,13.0,nyc,Return
1623,293,40.71441897635021,-73.94948053437223,8491,Pizza Place,2013-02-03 18:00:09+00:00,,Dining and Drinking,Restaurant,96.0,13.0,nyc,Return
1624,293,40.71595073760232,-73.94959533722336,24873,Smoke Shop,2013-02-03 18:00:09+00:00,,Retail,Smoke Shop,96.0,13.0,nyc,Return
1625,293,40.68990012489897,-73.93075527809141,26212,Chinese Restaurant,2013-02-04 18:00:09+00:00,,Dining and Drinking,Restaurant,97.0,13.0,nyc,Return
1626,293,40.69027455119438,-73.92338408028661,26992,Miscellaneous Shop,2013-02-04 18:00:09+00:00,,Retail,Miscellaneous Store,97.0,13.0,nyc,Return
1627,293,40.72678506374359,-74.00346747445712,5959,Park,2013-02-04 18:00:09+00:00,,Landmarks and Outdoors,Park,97.0,13.0,nyc,Return
1628,293,40.75730233,-73.9291080043566,31591,Convenience Store,2013-02-04 18:00:09+00:00,,Retail,Convenience Store,97.0,13.0,nyc,Explore
1629,293,40.71441897635021,-73.94948053437223,8491,Pizza Place,2013-02-05 18:00:09+00:00,,Dining and Drinking,Restaurant,98.0,14.0,nyc,Return
1630,293,40.69564251074644,-73.92637507512727,30924,Deli / Bodega,2013-02-05 18:00:09+00:00,,Dining and Drinking,Restaurant,98.0,14.0,nyc,Return
1631,293,40.68900261661789,-73.9290847274161,24249,General Travel,2013-02-05 18:00:09+00:00,,Travel and Transportation,General Travel,98.0,14.0,nyc,Return
1632,293,40.70427317579925,-73.94809715465664,24503,Deli / Bodega,2013-02-05 18:00:09+00:00,,Dining and Drinking,Restaurant,98.0,14.0,nyc,Rec
1633,293,40.70408637926169,-73.9480799340999,30488,General Travel,2013-02-05 18:00:09+00:00,,Travel and Transportation,General Travel,98.0,14.0,nyc,Return
1634,293,40.69027455119438,-73.92338408028661,26992,Miscellaneous Shop,2013-02-05 18:00:09+00:00,,Retail,Miscellaneous Store,98.0,14.0,nyc,Return
1635,293,40.71441897635021,-73.94948053437223,8491,Pizza Place,2013-02-05 18:00:09+00:00,,Dining and Drinking,Restaurant,98.0,14.0,nyc,Return
1636,293,40.693153185932005,-73.92740842156319,27131,Convenience Store,2013-02-05 18:00:09+00:00,,Retail,Convenience Store,98.0,14.0,nyc,Rec
1637,293,40.68900261661789,-73.9290847274161,24249,General Travel,2013-02-05 18:00:09+00:00,,Travel and Transportation,General Travel,98.0,14.0,nyc,Return
1638,293,40.72678506374359,-74.00346747445712,5959,Park,2013-02-05 18:00:09+00:00,,Landmarks and Outdoors,Park,98.0,14.0,nyc,Return
1639,293,40.73577905884602,-73.99313449859619,22813,Food Truck,2013-02-05 18:00:09+00:00,,Dining and Drinking,Food Truck,98.0,14.0,nyc,Return
1640,293,40.73939794092962,-73.99320973426613,26195,General Entertainment,2013-02-05 18:00:09+00:00,,Arts and Entertainment,General Entertainment,98.0,14.0,nyc,Return
1641,293,40.72648554606392,-74.00508876647187,35262,Office,2013-02-05 18:00:09+00:00,,Dining and Drinking,Cafeteria,98.0,14.0,nyc,Return
1642,293,40.70427317579925,-73.94809715465664,24503,Deli / Bodega,2013-02-06 18:00:09+00:00,,Dining and Drinking,Restaurant,99.0,14.0,nyc,Return
1643,293,40.71441897635021,-73.94948053437223,8491,Pizza Place,2013-02-06 18:00:09+00:00,,Dining and Drinking,Restaurant,99.0,14.0,nyc,Return
1644,293,40.71532844619961,-73.94954367594879,36564,General Travel,2013-02-06 18:00:09+00:00,,Travel and Transportation,General Travel,99.0,14.0,nyc,Return
1645,293,40.68990012489897,-73.93075527809141,26212,Chinese Restaurant,2013-02-06 18:00:09+00:00,,Dining and Drinking,Restaurant,99.0,14.0,nyc,Return
1646,293,40.727035,-74.005569,10353,Paper / Office Supplies Store,2013-02-06 18:00:09+00:00,,Retail,Office Supply Store,99.0,14.0,nyc,Return
1647,293,40.726493078250186,-74.00530109029536,2369,General Entertainment,2013-02-06 18:00:09+00:00,,Arts and Entertainment,General Entertainment,99.0,14.0,nyc,Return
1648,293,40.72648554606392,-74.00508876647187,35262,Office,2013-02-06 18:00:09+00:00,,Dining and Drinking,Cafeteria,99.0,14.0,nyc,Return
1649,293,40.726493078250186,-74.00530109029536,2369,General Entertainment,2013-02-07 18:00:09+00:00,,Arts and Entertainment,General Entertainment,100.0,14.0,nyc,Return
1650,293,40.75404836175849,-73.98442336785773,31950,Other Great Outdoors,2013-02-07 18:00:09+00:00,,Landmarks and Outdoors,Other Great Outdoors,100.0,14.0,nyc,Rec
1651,293,40.68914413452149,-73.9303207397461,36932,Deli / Bodega,2013-02-07 18:00:09+00:00,,Dining and Drinking,Restaurant,100.0,14.0,nyc,Return
1652,293,40.722008,-73.98153496666667,17794,Bakery,2013-02-07 18:00:09+00:00,,Dining and Drinking,Bakery,100.0,14.0,nyc,Explore
1653,293,40.731463098592265,-73.98277049893474,5790,Hot Dog Joint,2013-02-07 18:00:09+00:00,,Dining and Drinking,Restaurant,100.0,14.0,nyc,Rec
1654,293,40.74322529020578,-73.97227764129639,20342,Other Great Outdoors,2013-02-07 18:00:09+00:00,,Landmarks and Outdoors,Other Great Outdoors,100.0,14.0,nyc,Rec
1655,293,40.68900261661789,-73.9290847274161,24249,General Travel,2013-02-07 18:00:09+00:00,,Travel and Transportation,General Travel,100.0,14.0,nyc,Rec
1656,293,40.68900261661789,-73.9290847274161,24249,General Travel,2013-02-07 18:00:09+00:00,,Travel and Transportation,General Travel,100.0,14.0,nyc,Return
1657,293,40.69720139781954,-73.93605709075928,21674,Deli / Bodega,2013-02-07 18:00:09+00:00,,Dining and Drinking,Restaurant,100.0,14.0,nyc,Explore
1658,293,40.68904527212705,-73.93031898445723,37312,Convenience Store,2013-02-07 18:00:09+00:00,,Retail,Convenience Store,100.0,14.0,nyc,Return
1659,293,40.75696158119556,-73.9898237883206,34011,General Travel,2013-02-07 18:00:09+00:00,,Travel and Transportation,General Travel,100.0,14.0,nyc,Rec
1660,293,40.70633605501917,-73.94754035587833,12852,Park,2013-02-07 18:00:09+00:00,,Landmarks and Outdoors,Park,100.0,14.0,nyc,Return
1661,293,40.73907956555049,-73.99300575256348,4872,Paper / Office Supplies Store,2013-02-07 18:00:09+00:00,,Retail,Office Supply Store,100.0,14.0,nyc,Explore
1662,293,40.69334345690689,-73.98582370401029,23725,Office,2013-02-07 18:00:09+00:00,,Dining and Drinking,Cafeteria,100.0,14.0,nyc,Explore
1663,293,40.71430985040704,-73.94939443218914,24789,Other Great Outdoors,2013-02-08 18:00:09+00:00,,Landmarks and Outdoors,Other Great Outdoors,101.0,14.0,nyc,Return
1664,293,40.70427317579925,-73.94809715465664,24503,Deli / Bodega,2013-02-08 18:00:09+00:00,,Dining and Drinking,Restaurant,101.0,14.0,nyc,Rec
1665,293,40.7386405913415,-73.99253368377686,868,Bakery,2013-02-08 18:00:09+00:00,,Dining and Drinking,Bakery,101.0,14.0,nyc,Rec
1666,293,40.71595073760232,-73.94959533722336,24873,Smoke Shop,2013-02-08 18:00:09+00:00,,Retail,Smoke Shop,101.0,14.0,nyc,Return
1667,293,40.69925148690508,-73.95918113466087,26725,Hotel,2013-02-08 18:00:09+00:00,,Travel and Transportation,Lodging,101.0,14.0,nyc,Explore
1668,293,40.71559176749147,-73.94962403792549,30920,Deli / Bodega,2013-02-08 18:00:09+00:00,,Dining and Drinking,Restaurant,101.0,14.0,nyc,Return
1669,293,40.68900261661789,-73.9290847274161,24249,General Travel,2013-02-08 18:00:09+00:00,,Travel and Transportation,General Travel,101.0,14.0,nyc,Rec
1670,293,40.66879058993659,-73.91670153777805,25034,Food & Drink Shop,2013-02-10 18:00:09+00:00,,Retail,Food and Beverage Retail,103.0,14.0,nyc,Return
1671,293,40.741778511511214,-73.98538179575334,8971,Deli / Bodega,2013-02-10 18:00:09+00:00,,Dining and Drinking,Restaurant,103.0,14.0,nyc,Return
1672,293,40.68900261661789,-73.9290847274161,24249,General Travel,2013-02-10 18:00:09+00:00,,Travel and Transportation,General Travel,103.0,14.0,nyc,Return
1673,293,40.71430985040704,-73.94939443218914,24789,Other Great Outdoors,2013-02-10 18:00:09+00:00,,Landmarks and Outdoors,Other Great Outdoors,103.0,14.0,nyc,Return
